91.712
96.255
82.188
88.344
87.931
96.078
94.231
87.156
91.667
92.391
93.758
98.889
94.872
92.460
92.400
94.681
94.681
92.414
95.783
95.575
89.529
88.430
96.759
94.444
90.991
95.170
95.551
96.341
96.364
96.416
91.463
82.725
97.545
95.556
95.035
95.775
92.664
88.521
96.479
89.137
86.842
95.206
95.056
94.444
95.354
96.296
89.474
97.814
93.651
92.453
87.189
89.583
94.340
84.483
95.619
92.810
93.966
92.750
95.129
96.866
89.769
96.078
97.372
76.570
97.382
98.214
93.922
81.330
96.518
93.570
92.000
96.709
84.407
98.101
97.067
94.372
93.146
85.242
78.030
97.464
80.589
95.122
90.150
91.304
82.353
98.165
92.063
96.942
81.724
83.084
94.737
89.900
96.610
93.805
98.633
93.981
81.395
85.128
95.814
97.024
79.555
86.957
96.471
94.086
95.480
92.694
94.771
95.129
95.758
90.385
85.142
83.934
94.359
97.342
96.667
95.671
96.667
92.157
96.784
97.712
87.218
96.774
94.158
88.971
94.792
89.815
78.965
90.508
97.546
94.298
97.076
95.597
98.214
96.880
95.316
87.946
97.748
92.982
97.753
97.011
94.536
93.827
93.711
95.833
86.207
83.448
93.567
92.816
94.578
95.679
96.703
97.315
96.429
93.425
77.023
93.151
91.534
98.333
92.113
89.186
96.817
92.308
93.827
92.157
95.299
88.889
96.429
95.175
97.863
93.379
91.954
89.007
90.150
94.803
71.991
95.668
97.333
91.803
95.614
95.025
88.141
94.074
97.778
96.503
95.578
94.856
95.169
92.079
97.159
91.154
94.118
91.979
95.349
98.294
77.355
98.810
89.947
95.204
97.814
95.092
98.630
87.730
92.929
96.845
94.245
88.073
91.781
95.806
97.386
90.933
92.241
96.099
96.894
93.012
85.199
84.055
93.333
82.149
93.981
95.833
95.981
95.685
92.653
90.693
93.750
94.658
97.053
94.515
89.674
90.143
90.491
96.370
89.493
96.914
90.766
82.886
98.000
93.586
93.939
82.667
96.203
93.617
84.176
92.391
91.467
90.741
94.340
87.784
92.899
92.405
96.615
96.602
93.162
94.396
93.821
94.203
83.356
92.929
96.667
91.562
94.977
94.759
95.455
92.574
93.582
99.583
97.009
94.086
97.112
95.607
95.294
93.915
80.258
91.176
93.333
89.130
87.302
91.566
91.150
96.244
91.202
82.353
96.809
96.581
97.619
97.826
90.406
95.539
84.541
94.326
91.026
95.726
98.765
92.373
95.610
97.475
94.732
96.220
85.202
95.052
96.424
94.583
96.491
95.283
97.328
99.130
92.797
96.104
93.296
96.296
94.775
98.634
83.333
84.737
92.205
92.880
93.413
94.286
91.566
95.906
95.679
88.496
86.066
92.129
79.775
92.133
96.849
90.183
96.817
89.583
90.132
94.195
92.424
93.095
95.775
96.850
91.803
96.450
95.417
97.222
87.709
91.712
85.874
87.975
90.000
94.915
92.767
88.521
93.188
81.680
96.078
90.909
76.750
94.493
91.721
92.063
95.833
98.118
97.368
81.727
76.136
82.622
80.377
97.489
94.215
96.536
87.197
91.813
98.421
88.827
96.552
93.722
95.679
88.199
95.102
96.610
93.143
86.395
91.571
85.252
94.253
95.338
87.552
95.152
96.875
92.908
89.259
95.802
97.214
96.078
92.793
95.238
89.730
92.910
97.006
94.136
85.802
97.407
93.590
79.259
85.897
97.019
96.923
95.049
96.067
96.264
92.000
89.494
96.737
81.727
91.803
93.220
91.403
90.265
92.541
92.734
86.972
95.495
84.567
91.848
83.486
95.128
96.893
96.914
93.496
90.000
95.745
96.111
86.667
96.357
97.778
95.726
86.966
95.495
89.029
96.727
95.142
94.839
94.444
91.406
87.135
92.611
92.713
87.946
96.172
93.805
94.779
94.558
88.462
83.221
88.803
95.126
86.073
97.222
97.293
97.665
97.735
88.530
88.652
84.483
96.045
94.981
94.579
91.154
82.600
97.600
93.464
96.244
91.775
99.020
95.833
97.595
95.185
88.643
95.858
92.400
91.533
90.854
96.842
95.758
77.835
98.039
83.871
98.366
95.161
95.146
96.610
81.613
84.643
95.699
94.118
90.741
96.161
84.577
95.010
97.471
94.613
94.298
89.024
87.817
95.946
87.004
84.102
87.654
92.456
96.078
94.471
87.750
88.258
96.627
87.719
98.246
91.144
91.325
79.636
97.162
90.945
92.222
92.222
92.602
89.222
83.702
96.787
93.443
95.467
93.427
91.617
95.175
97.072
93.981
82.500
94.579
93.679
91.252
79.821
90.736
92.617
96.855
96.795
87.240
95.711
88.406
93.720
90.133
88.703
90.566
96.768
86.347
93.548
92.920
94.771
94.126
98.810
87.264
94.463
92.564
89.147
99.115
92.978
92.763
96.622
94.469
97.770
80.214
83.544
75.884
96.190
92.284
93.750
90.123
95.957
93.945
95.280
92.188
92.384
86.966
96.970
92.955
88.714
90.476
94.937
86.709
96.610
85.467
95.690
96.212
96.875
94.715
96.239
94.386
96.855
98.684
86.809
92.121
82.857
94.257
93.452
83.333
87.302
95.787
97.942
90.590
89.103
96.819
82.745
82.090
85.714
96.032
96.460
96.610
94.248
82.609
91.517
90.085
97.126
96.861
90.732
90.476
83.333
92.105
90.604
97.183
93.688
92.143
93.972
90.133
96.104
95.349
92.113
92.857
94.839
86.905
95.960
95.935
80.667
97.285
90.947
95.377
94.633
88.742
79.708
88.924
82.474
95.038
92.667
95.981
85.242
94.872
95.588
95.000
87.469
95.062
90.936
89.300
94.643
95.556
90.614
92.734
90.408
82.456
82.456
85.256
86.567
89.720
97.879
96.954
95.588
95.660
97.701
96.774
84.706
89.937
93.955
87.654
95.748
96.759
98.101
97.067
94.600
88.158
96.203
94.245
95.098
94.969
79.555
94.186
93.431
94.000
96.622
92.857
94.726
91.908
90.669
90.977
87.861
95.045
90.414
96.847
97.222
84.846
86.977
87.500
86.538
90.566
92.069
83.354
91.710
94.699
93.130
95.638
93.280
97.076
96.358
95.402
97.802
89.109
89.059
96.923
89.591
92.683
92.683
93.503
96.491
96.460
93.187
94.118
94.811
96.296
95.140
92.825
97.133
91.667
95.592
96.239
90.000
94.553
96.644
93.056
95.714
96.296
88.987
91.205
85.673
73.050
88.063
98.286
98.519
93.035
94.253
82.468
97.643
92.308
97.917
91.089
94.633
95.714
85.971
97.778
96.111
98.113
94.224
97.966
95.604
92.231
97.004
93.542
97.892
94.006
77.322
95.413
95.175
95.658
93.750
97.266
93.620
96.220
93.981
95.758
86.616
85.942
93.548
94.872
88.475
79.439
97.484
93.103
84.186
80.741
97.905
87.410
92.369
93.311
90.361
87.607
97.821
76.891
84.568
93.266
94.133
95.833
89.356
83.174
94.081
97.549
93.667
95.098
97.173
90.132
94.641
97.143
96.825
97.887
94.510
93.570
96.465
94.475
93.878
96.855
88.028
91.639
91.213
86.957
85.491
98.333
94.975
87.269
96.552
89.237
98.077
84.173
96.364
88.427
94.688
93.827
95.425
95.316
75.879
95.000
95.628
94.275
94.086
95.897
93.778
82.149
88.596
92.157
94.654
84.941
97.900
92.517
92.095
95.833
94.152
80.610
97.076
87.703
93.448
97.268
92.857
96.370
93.827
81.600
96.333
85.732
96.794
90.714
84.348
95.866
75.258
85.016
73.995
92.593
89.231
84.541
94.231
85.115
96.088
97.128
90.221
87.109
94.828
77.551
95.455
96.078
86.984
87.234
94.737
90.759
86.735
94.152
92.739
97.333
84.249
95.217
93.542
89.591
95.960
95.833
95.604
97.980
88.806
92.674
97.260
94.595
94.231
97.260
81.463
93.633
89.602
89.937
87.960
84.211
89.937
90.476
97.849
85.316
78.726
96.839
94.576
92.410
98.366
90.421
90.521
79.595
93.382
92.973
93.939
89.922
93.833
89.815
95.425
94.253
94.118
89.125
92.414
93.443
87.073
96.259
86.996
94.697
88.040
93.870
95.139
96.825
88.732
95.152
89.186
96.564
90.254
93.311
96.471
90.667
92.345
93.773
93.778
96.667
92.442
96.970
95.146
95.833
94.737
97.523
93.237
90.769
84.718
98.109
97.392
96.787
95.489
90.864
99.020
95.333
95.527
97.209
97.512
90.311
91.880
86.345
96.596
96.244
85.693
95.342
95.885
92.874
97.411
91.228
95.957
98.750
96.564
81.716
95.219
87.698
97.500
96.715
97.126
93.798
95.000
90.210
98.276
97.403
89.583
87.966
92.754
93.162
89.674
97.183
92.734
97.175
92.825
91.919
91.919
90.476
87.850
84.252
93.220
92.982
89.785
84.000
99.462
85.202
97.107
85.981
95.484
95.484
83.849
93.960
85.714
95.333
87.037
94.828
94.658
97.107
88.889
95.652
87.552
92.237
92.593
95.238
97.279
96.894
95.833
89.524
85.859
95.833
93.162
94.882
98.582
96.875
94.891
98.519
95.393
85.600
92.694
91.192
95.417
90.395
95.726
88.776
93.289
89.007
95.455
90.426
87.459
96.825
93.922
94.444
91.032
96.491
91.143
97.935
92.810
85.493
92.708
96.759
95.276
94.239
92.500
85.484
93.220
91.228
91.346
92.000
95.935
96.794
96.226
87.058
95.935
95.333
90.335
92.323
96.732
94.891
94.326
89.744
93.981
95.568
94.921
90.890
86.701
95.833
81.683
94.595
94.231
91.845
77.933
78.049
94.839
92.336
95.112
95.387
93.407
94.048
85.000
82.428
95.876
91.234
97.544
95.556
97.101
93.425
98.469
96.491
94.828
84.524
92.810
86.126
93.013
95.876
97.818
95.115
85.866
96.405
80.741
93.651
95.582
94.126
96.950
97.902
93.407
95.918
89.634
96.445
96.809
87.984
97.872
97.938
92.424
99.187
84.444
96.140
97.124
94.493
93.945
97.382
98.214
96.755
95.813
88.235
94.775
96.759
90.833
83.036
86.486
90.769
97.024
95.000
91.667
93.243
94.524
90.936
97.320
97.052
93.668
86.667
94.643
75.617
83.673
98.008
96.667
96.154
96.175
90.358
94.545
95.918
91.515
94.055
92.218
97.643
89.404
95.767
96.053
97.024
86.667
92.290
95.455
95.207
95.045
86.888
85.491
87.058
96.208
94.643
96.875
88.626
88.626
82.342
90.476
87.459
93.643
95.652
94.737
91.403
93.939
88.564
97.964
73.298
82.822
96.847
90.990
89.404
80.712
92.308
94.583
96.860
93.258
87.692
94.444
93.924
89.744
97.126
90.282
97.872
97.004
88.415
90.164
93.061
80.263
94.203
92.400
88.517
89.979
96.028
95.203
96.217
96.154
95.402
97.802
94.928
96.407
95.597
86.851
85.493
91.618
87.179
84.591
90.213
91.329
95.146
97.523
92.473
91.349
96.839
91.908
92.771
95.455
90.769
89.082
97.306
96.951
96.740
89.906
82.196
95.868
97.020
94.824
93.069
80.176
94.290
95.882
96.206
94.203
90.727
84.532
96.446
93.839
87.719
96.502
96.471
93.821
96.787
83.920
94.118
97.260
94.885
92.029
90.881
96.970
93.915
92.620
77.172
78.485
95.699
95.990
95.671
93.729
89.610
84.681
91.011
97.045
85.106
97.992
97.115
96.377
95.480
94.118
94.253
95.142
90.370
93.923
88.479
94.553
82.698
91.139
94.969
95.238
89.362
96.324
97.521
97.198
96.180
96.296
88.186
95.638
95.317
90.618
87.288
94.949
94.086
95.200
95.658
80.263
97.701
95.582
92.560
75.862
90.925
91.600
92.361
86.328
93.416
90.446
93.354
87.955
87.240
97.020
96.209
95.918
95.154
94.052
90.741
83.731
95.716
96.774
96.581
92.381
95.761
94.086
84.848
95.541
95.192
95.686
95.897
95.122
97.531
95.965
97.748
91.967
96.531
95.736
96.875
95.948
98.529
94.304
95.614
95.833
90.991
96.944
86.039
95.833
95.802
95.876
89.776
90.491
77.023
92.978
96.514
95.175
82.828
88.054
93.827
96.212
97.484
89.137
95.906
93.359
90.966
94.286
95.200
88.385
96.885
93.576
93.651
94.902
89.097
90.323
96.684
93.651
92.754
89.286
95.556
96.809
96.212
97.276
94.521
90.395
95.317
98.986
89.583
97.538
96.401
84.667
89.490
96.667
95.804
94.538
96.020
96.049
89.961
90.129
97.933
97.849
81.590
93.056
92.653
97.753
94.654
87.861
88.846
95.062
95.413
92.487
88.427
95.377
97.917
95.283
96.073
96.078
96.019
96.569
97.101
82.228
92.237
95.467
95.115
91.184
96.947
96.721
95.159
96.296
94.964
96.429
79.343
97.175
89.021
96.429
96.875
97.403
96.053
93.966
87.963
86.039
96.154
97.101
94.444
96.739
96.847
96.092
94.958
92.722
96.552
97.323
97.917
96.341
95.760
96.502
91.026
92.133
92.793
90.783
98.477
97.124
94.737
96.491
82.000
89.925
92.588
97.454
90.459
87.307
79.412
96.319
86.735
92.500
91.185
79.654
82.217
93.464
95.628
94.969
83.978
94.824
97.083
97.340
92.754
94.253
94.549
93.810
93.284
92.619
94.779
89.661
86.648
97.549
90.400
97.368
96.429
94.564
92.977
92.754
96.203
94.872
96.703
88.889
98.174
84.190
84.242
82.188
91.429
96.739
86.996
77.105
98.611
98.113
90.523
92.579
95.652
95.652
97.333
98.039
84.407
84.672
91.667
80.814
90.031
89.130
94.779
94.024
94.681
94.389
95.082
87.611
96.914
93.443
94.872
91.383
86.102
93.548
96.809
96.092
94.949
93.293
95.686
91.703
81.673
95.614
93.333
93.548
96.992
95.169
92.284
95.010
87.302
94.981
92.763
81.106
95.171
95.362
94.510
93.503
91.791
92.144
92.715
93.242
94.241
95.455
88.564
95.204
92.800
95.071
94.495
78.490
86.473
87.190
87.006
95.262
79.063
88.844
92.405
84.737
96.396
98.294
97.236
88.769
94.715
91.520
96.845
80.741
87.719
96.429
92.133
96.209
94.427
93.182
97.119
97.222
96.491
89.922
94.545
85.874
96.667
83.259
96.454
90.977
87.671
93.939
98.429
97.807
97.727
96.784
97.987
97.619
85.213
96.767
98.033
97.143
96.627
97.030
92.308
88.148
83.178
95.052
96.032
85.749
81.988
96.552
88.889
95.290
83.389
97.222
92.063
89.623
94.915
96.620
93.045
82.422
96.947
97.378
95.918
94.290
96.880
91.566
96.487
95.238
97.222
95.758
93.794
96.337
90.129
95.635
94.563
83.978
85.328
89.776
95.641
95.425
93.458
87.873
98.081
96.667
96.795
96.739
95.126
96.043
82.437
94.419
93.431
95.597
84.923
85.240
96.581
94.709
87.719
92.620
96.491
97.392
98.165
94.158
89.937
85.574
93.801
94.907
93.285
87.963
97.531
98.276
95.556
97.214
91.756
96.175
92.593
92.513
87.879
86.380
93.264
87.302
91.729
92.934
89.175
93.433
93.711
92.473
96.759
94.231
93.122
96.429
95.062
94.583
93.237
92.603
94.444
96.264
94.975
95.000
86.585
86.585
85.256
86.567
89.720
96.581
94.463
95.128
95.767
86.842
95.588
96.364
94.583
96.154
95.192
96.644
91.518
87.732
93.750
94.470
97.101
88.088
97.266
96.942
92.390
90.890
89.223
97.980
85.138
96.739
89.308
95.342
97.222
88.608
93.870
93.418
95.353
85.856
91.085
87.238
95.142
97.333
90.253
90.850
95.539
94.767
95.238
96.296
96.000
95.333
91.756
97.636
96.429
94.406
78.343
95.726
93.827
96.842
81.882
91.582
87.931
96.863
98.587
94.487
99.495
96.727
92.784
86.364
95.385
96.178
92.281
88.060
98.039
89.125
91.406
94.695
88.583
97.076
91.990
95.931
97.740
90.183
93.627
81.526
95.169
81.322
95.265
97.436
88.583
93.613
89.435
91.156
94.279
93.379
97.183
87.023
96.899
97.576
96.728
88.710
97.753
86.957
87.963
90.614
94.030
94.444
98.551
97.411
93.293
95.522
93.729
96.599
84.112
93.656
94.437
84.831
94.624
98.734
89.714
97.009
95.294
93.531
84.957
94.355
95.143
95.317
87.621
93.012
93.333
92.829
97.561
96.795
96.212
94.444
91.026
98.387
96.875
92.913
97.320
88.462
93.722
94.836
94.372
84.146
92.857
97.101
92.655
97.268
96.296
94.980
77.829
94.580
96.732
81.818
96.061
96.216
95.865
96.273
90.698
92.677
88.864
93.111
98.188
97.484
97.143
97.531
93.103
88.063
90.783
90.625
96.111
91.954
97.458
88.406
97.386
96.774
97.955
96.499
89.851
95.414
89.247
97.549
93.151
97.133
95.813
95.155
96.000
94.718
86.174
95.035
96.370
95.217
91.618
94.265
97.484
93.633
98.566
94.444
94.763
96.596
97.175
89.721
95.541
87.402
94.056
97.563
89.286
94.737
83.197
94.608
93.722
94.792
94.792
96.988
95.393
80.907
96.709
96.835
92.096
94.127
95.238
96.491
90.990
95.833
95.291
93.103
93.103
92.708
84.286
85.965
92.453
91.126
94.536
97.647
94.958
92.157
87.226
88.889
97.000
96.479
93.220
76.510
93.077
94.095
96.739
98.634
89.216
93.023
87.097
87.097
92.946
95.781
76.893
97.211
94.118
96.914
95.679
96.063
94.215
97.059
94.583
92.857
95.833
77.974
94.488
91.824
82.738
92.715
92.377
92.655
97.293
81.653
82.657
97.239
96.759
93.600
87.059
97.196
93.103
91.351
83.871
83.558
97.279
90.681
83.219
96.328
95.118
88.103
95.322
97.778
87.542
95.152
93.135
93.515
96.849
98.639
94.118
95.425
92.541
83.954
97.778
83.752
96.444
95.262
96.259
79.310
95.385
91.250
92.901
97.959
87.984
85.312
83.206
93.884
96.721
90.995
94.242
94.737
92.050
90.688
93.130
93.171
81.199
96.330
93.162
97.849
92.621
96.154
96.043
89.418
94.118
95.513
95.238
86.697
94.401
88.038
95.506
82.840
90.659
95.860
97.321
95.438
94.406
94.235
94.470
84.672
95.238
96.454
97.863
84.211
83.616
89.160
97.009
86.782
97.268
97.701
97.333
97.688
93.860
97.126
95.979
92.453
96.569
96.358
91.349
98.566
96.405
93.878
92.283
90.000
92.739
88.919
96.519
94.158
97.368
88.199
94.771
94.260
94.930
86.486
80.556
84.949
88.304
94.493
95.614
95.238
95.385
96.416
93.902
82.743
91.848
94.862
96.847
96.889
84.483
88.542
90.727
96.761
86.441
99.267
84.768
92.617
91.089
89.498
91.515
87.264
91.667
95.679
78.816
97.778
99.458
90.141
90.842
89.785
91.270
96.512
97.059
93.711
90.000
95.866
93.590
91.848
97.002
89.721
91.803
93.839
92.655
94.286
91.566
86.257
90.520
93.333
95.377
90.336
88.462
89.109
94.302
95.833
87.218
96.267
96.321
79.898
96.043
77.649
96.131
96.684
84.492
90.693
98.391
90.704
92.574
98.477
96.531
93.720
95.161
94.570
96.014
96.919
96.721
96.780
95.804
95.906
91.192
97.884
96.923
95.087
84.957
97.727
86.364
86.207
92.459
88.732
95.276
94.633
87.073
88.095
93.731
90.726
90.530
98.986
93.474
96.596
97.333
96.930
95.205
90.854
93.532
95.510
95.588
96.825
94.017
85.016
95.628
91.638
82.332
93.155
87.073
75.643
81.325
89.157
95.214
93.732
91.358
91.358
90.875
96.444
80.938
93.436
93.013
79.509
97.222
91.667
95.283
97.328
89.247
93.910
96.970
91.262
87.500
87.113
76.987
92.405
91.351
95.775
96.024
86.162
97.076
95.539
95.632
87.438
91.515
77.684
73.947
96.667
95.322
94.268
88.851
90.947
96.203
92.331
96.491
95.293
94.444
94.444
96.949
95.793
86.290
84.545
85.169
81.096
94.253
81.695
97.973
97.143
91.771
85.586
95.388
92.083
98.684
96.133
78.734
86.977
96.370
89.412
92.611
90.000
95.159
88.123
98.361
92.764
85.106
95.489
88.744
87.410
80.000
85.538
97.342
95.146
95.146
84.375
86.792
93.939
97.222
93.137
81.590
97.275
94.118
92.977
85.577
97.203
96.364
96.954
96.359
92.517
84.139
91.111
98.429
87.259
85.825
95.455
89.785
90.570
91.262
90.766
96.875
98.000
94.952
94.633
82.422
94.372
95.354
90.164
89.231
97.763
96.078
84.834
91.195
95.635
93.548
93.452
94.118
94.386
83.673
96.732
94.828
95.948
93.651
93.651
96.703
92.254
96.357
87.259
92.262
84.444
94.792
99.048
92.913
86.207
82.105
95.455
87.621
95.484
96.724
96.919
94.654
75.145
96.528
89.674
90.143
98.413
96.667
96.328
96.117
94.882
92.655
83.544
92.323
95.393
88.048
88.846
92.857
85.106
91.697
95.175
95.169
89.354
94.608
87.552
95.929
96.708
75.175
92.000
96.460
92.526
90.909
96.774
84.848
96.944
92.515
80.105
88.426
86.667
93.289
97.372
83.140
93.452
94.203
87.500
88.664
97.115
94.419
96.866
97.035
95.238
86.275
89.394
92.095
91.169
85.768
97.863
93.162
97.240
91.813
82.520
81.250
89.644
78.571
80.172
86.339
87.970
93.333
97.396
89.806
94.928
94.203
86.735
92.178
93.289
95.679
94.471
98.404
90.864
99.020
93.600
96.737
92.105
75.463
94.568
82.857
95.752
97.857
91.023
91.481
88.889
90.775
96.937
97.315
96.429
92.453
93.281
97.436
91.489
93.667
98.182
85.000
93.400
80.983
89.558
91.346
94.649
97.778
93.607
95.513
95.082
94.578
90.604
97.647
95.161
92.336
97.059
95.597
86.735
83.660
93.542
95.217
93.333
89.785
96.216
88.820
99.550
97.115
89.490
93.668
96.407
96.581
86.275
93.252
91.509
91.480
89.977
94.568
89.807
89.011
87.572
91.667
95.592
97.006
95.688
89.354
86.467
95.087
90.253
90.537
88.844
85.246
92.377
95.405
87.338
81.522
92.188
97.411
94.475
93.567
94.487
97.518
88.426
98.118
90.217
90.254
89.804
97.143
92.157
90.625
95.353
89.451
94.737
82.099
90.000
87.664
96.465
95.854
93.590
96.866
96.078
90.336
91.234
89.437
94.118
96.053
88.596
86.822
93.030
95.455
97.110
89.439
96.403
94.862
89.526
94.340
92.090
86.869
84.615
93.285
91.186
87.931
97.396
94.515
89.539
83.439
93.496
96.845
97.590
79.553
90.955
94.982
95.152
95.833
94.585
88.125
93.147
96.111
96.032
97.030
90.865
83.755
87.238
95.597
81.084
94.286
95.210
96.839
94.643
84.756
82.895
82.931
95.062
96.086
96.273
95.215
94.872
91.562
90.256
97.407
96.364
96.129
94.643
96.241
84.458
95.092
96.847
83.354
97.917
96.212
93.607
95.015
93.981
96.442
91.875
93.416
86.070
92.593
97.727
93.506
97.386
82.192
97.561
88.679
93.464
88.497
96.721
94.930
94.737
94.388
94.969
93.694
97.484
93.434
81.783
88.482
92.000
97.619
80.342
97.963
85.986
83.013
90.794
95.041
89.855
96.804
96.370
89.655
94.000
83.333
97.458
98.459
95.062
93.128
91.841
92.342
94.715
94.359
97.619
93.729
92.188
80.473
94.872
96.701
86.102
94.248
96.732
89.333
94.949
84.591
89.539
89.778
93.981
96.701
91.667
94.286
94.000
93.233
92.500
98.125
94.099
98.611
82.101
95.115
91.837
97.019
94.737
92.308
93.711
92.126
92.929
98.387
91.026
96.203
96.206
95.111
95.775
95.844
90.435
97.030
85.714
97.244
96.181
98.214
94.928
94.558
91.071
88.141
98.305
95.316
94.363
96.994
95.911
96.907
97.053
94.444
96.759
95.217
96.057
96.885
96.930
96.954
97.512
97.949
88.889
95.686
93.333
96.970
93.333
95.238
85.766
97.538
90.741
76.170
95.203
95.000
90.909
92.515
88.148
96.019
96.618
90.000
86.755
93.939
89.354
92.357
91.503
88.333
85.268
95.349
94.654
93.836
92.579
90.966
96.119
97.475
93.503
88.179
96.894
96.429
94.649
94.286
97.276
93.210
92.178
96.444
96.181
84.874
99.020
94.915
83.203
84.043
94.350
95.918
95.181
90.714
96.444
93.827
96.954
96.172
95.872
96.564
83.133
83.133
92.593
84.337
97.278
91.640
97.814
93.981
95.338
95.950
90.854
92.400
82.437
80.797
89.855
97.778
94.074
96.768
97.721
96.789
90.500
93.407
98.276
83.558
89.807
96.780
90.085
92.133
84.186
95.714
88.945
96.180
96.442
94.175
96.405
92.424
89.644
96.471
90.212
97.701
82.203
96.193
93.048
95.118
95.604
93.011
92.735
92.683
87.791
91.031
96.721
97.326
90.459
90.959
96.175
96.133
95.918
90.897
81.061
80.795
96.685
91.202
95.588
94.074
95.556
91.223
96.970
95.971
96.825
94.170
84.029
97.723
92.357
81.330
97.917
93.162
93.769
89.500
97.222
91.582
97.175
92.412
95.833
89.720
96.569
93.137
92.602
94.768
93.229
97.674
82.031
90.857
95.833
95.343
78.022
84.192
81.463
81.443
86.842
85.169
93.220
93.617
83.488
95.082
90.038
85.714
89.848
94.048
98.305
96.721
94.401
91.954
94.427
96.228
84.641
94.969
93.243
91.414
96.407
93.668
86.667
97.489
96.835
97.753
97.814
93.188
96.847
90.164
93.266
96.154
93.082
95.113
88.840
96.501
92.496
92.259
92.040
95.000
96.469
94.086
91.500
94.444
87.814
81.096
90.129
96.825
80.132
94.311
94.964
88.832
92.715
89.105
93.659
92.934
93.210
89.103
94.737
97.009
87.037
87.037
87.821
87.821
82.143
82.143
91.304
91.304
86.111
86.111
78.008
95.113
85.387
97.778
88.976
94.231
96.899
97.133
93.264
95.425
91.250
95.767
85.650
96.602
97.576
90.660
92.982
90.909
82.430
96.893
98.529
83.264
95.013
94.595
97.222
94.118
97.475
91.726
87.812
90.129
96.705
96.377
95.506
94.608
90.385
96.774
90.152
96.787
96.364
93.229
89.408
75.352
96.471
97.363
92.641
89.362
95.876
92.505
97.126
77.872
89.583
95.192
97.849
95.055
96.774
95.238
87.543
97.887
89.796
93.607
98.777
96.800
95.402
86.755
92.450
91.954
93.269
91.398
86.180
80.983
96.061
97.905
91.883
87.719
79.775
97.333
93.633
87.342
96.175
98.889
90.254
90.221
94.682
94.677
99.415
97.802
94.867
93.798
92.540
86.498
95.906
89.445
79.412
84.752
97.236
91.329
94.366
91.276
85.199
90.861
88.148
96.697
95.290
95.679
95.480
96.933
89.105
90.414
87.432
89.710
94.118
76.753
95.349
97.464
95.219
86.486
80.583
96.396
94.266
96.732
91.437
93.739
91.383
85.765
95.280
94.262
94.836
94.700
96.633
96.501
92.827
93.682
92.784
96.875
97.964
86.822
93.836
95.333
97.110
90.461
88.806
94.227
96.721
95.140
96.626
98.026
79.156
97.260
96.296
95.000
95.293
96.732
96.014
94.203
93.939
96.138
89.048
93.939
93.834
95.402
91.775
95.873
96.847
86.111
84.687
93.258
96.697
84.615
87.879
93.521
84.946
91.542
93.128
84.756
99.020
97.949
92.453
95.897
81.977
92.308
93.684
93.333
92.793
83.575
92.144
86.339
93.590
92.496
94.126
98.639
95.265
97.973
96.899
88.816
87.500
97.300
96.569
93.521
97.778
81.153
97.549
97.963
95.126
96.370
95.417
80.882
95.918
93.497
92.361
95.152
97.410
95.205
96.739
90.957
97.009
96.078
90.909
89.916
94.650
93.254
93.860
80.791
94.281
92.150
91.304
93.827
93.827
86.341
87.730
92.282
95.062
84.038
94.389
97.368
85.000
90.210
90.164
95.215
84.200
94.915
92.000
90.476
97.024
95.333
95.146
96.491
95.349
77.551
95.660
90.842
93.217
84.737
89.796
93.333
96.517
85.547
96.212
97.318
83.673
96.615
96.759
97.222
96.190
96.759
98.780
94.759
98.174
90.520
93.544
96.569
86.179
99.187
96.053
96.508
92.593
93.711
94.949
96.508
88.036
96.927
96.188
96.608
94.493
95.563
92.336
96.842
75.563
94.608
94.737
94.388
94.536
81.679
97.318
91.050
97.987
79.595
96.175
98.750
96.061
82.332
97.196
88.608
84.595
96.943
93.537
96.942
81.538
96.774
88.430
95.288
92.683
86.395
93.503
95.169
91.574
91.486
96.190
84.483
90.429
88.822
85.317
95.906
86.408
94.737
96.061
94.382
96.154
95.053
97.222
96.512
85.259
81.977
92.308
93.684
93.333
97.276
97.619
73.947
96.825
95.755
97.279
92.857
91.503
91.287
96.364
91.270
92.035
97.964
97.746
77.419
89.493
91.011
74.668
94.930
90.710
87.402
98.077
96.937
96.168
96.296
86.667
81.221
81.977
87.200
94.792
91.771
92.899
96.667
86.420
96.825
93.333
87.921
97.814
91.860
96.124
97.222
93.103
97.209
92.398
85.405
96.919
98.519
90.537
84.431
97.778
95.142
93.582
90.897
88.148
96.078
89.007
97.778
86.301
90.408
88.542
95.405
80.982
93.711
96.024
96.250
96.552
97.508
81.098
96.633
93.659
96.564
95.699
87.055
93.056
92.816
97.966
92.593
96.667
88.530
92.793
97.717
86.486
90.179
76.000
94.152
85.839
88.158
93.103
96.894
85.437
92.417
94.437
78.862
95.175
95.499
93.590
95.333
94.726
97.059
93.729
96.354
98.421
95.802
90.476
95.977
96.024
94.634
97.980
92.966
85.714
94.266
92.121
96.875
97.129
96.764
96.154
97.818
86.070
92.935
96.053
94.930
95.499
95.872
92.424
89.836
96.043
96.618
95.333
97.531
97.935
89.029
96.942
93.955
91.787
89.231
86.735
90.959
96.863
96.465
94.479
96.402
88.000
83.275
96.469
96.203
94.841
97.518
98.592
93.750
92.891
95.455
95.062
90.361
90.361
95.679
86.066
90.361
85.577
97.436
95.111
94.262
96.460
96.465
93.810
81.546
95.038
90.491
94.017
94.479
76.136
92.000
89.320
93.939
95.833
93.939
90.090
92.699
93.333
96.697
97.464
89.237
97.321
95.882
97.249
95.726
96.402
75.035
97.410
91.156
95.385
97.647
94.248
86.842
83.978
97.326
95.342
92.581
94.158
94.595
95.833
80.712
96.324
83.648
82.724
94.290
97.285
96.188
97.753
96.863
94.977
82.845
90.043
96.416
98.266
95.858
94.949
87.786
89.526
91.721
96.914
97.531
97.101
96.454
94.444
73.795
92.910
84.590
95.238
89.911
83.660
95.833
88.136
94.667
94.304
96.951
96.000
96.321
95.349
95.238
92.342
75.463
95.238
95.556
87.719
96.465
95.333
90.690
95.349
86.687
89.231
96.528
90.612
86.574
91.770
78.971
98.611
98.611
94.891
98.519
94.444
93.429
95.040
94.127
89.404
96.250
93.544
99.267
98.039
84.899
93.537
99.130
92.526
83.784
92.105
94.126
88.679
87.786
94.815
85.986
94.604
97.354
96.181
84.912
91.065
90.458
94.495
94.898
93.229
88.365
98.039
97.126
82.895
95.152
93.972
96.561
96.825
89.024
89.024
84.375
92.500
86.792
94.969
98.039
93.714
95.946
95.946
92.000
91.045
93.220
97.992
94.933
94.536
89.017
95.860
92.479
87.622
74.964
86.782
96.487
95.652
92.810
96.923
94.000
92.667
89.720
95.619
91.026
88.769
97.701
95.387
92.000
88.934
87.649
89.286
98.333
96.450
87.821
75.390
94.326
96.899
94.444
85.897
94.406
93.464
95.979
95.146
88.552
97.368
94.340
92.857
96.914
89.552
93.135
88.554
95.270
91.667
94.928
96.422
97.222
93.233
97.863
76.750
73.995
96.078
91.344
87.111
81.343
93.711
93.651
95.563
91.184
95.207
93.750
93.851
83.333
93.910
93.146
96.774
94.718
85.938
95.588
95.660
95.806
92.784
96.175
93.818
90.282
94.389
96.599
96.724
90.625
92.450
91.967
94.658
92.732
97.222
91.875
93.567
84.000
95.805
94.444
96.914
87.197
97.222
83.381
97.484
88.703
84.519
95.238
96.226
80.565
95.652
82.320
94.403
94.969
92.929
92.453
91.045
90.588
87.543
93.137
95.635
96.364
93.643
95.960
95.614
86.341
77.852
97.778
97.770
91.843
89.059
97.101
80.000
97.892
97.159
90.584
94.719
90.099
93.162
96.667
93.805
88.372
95.556
84.534
93.093
92.641
87.797
94.915
92.880
92.308
84.672
93.275
85.124
86.296
97.491
94.969
98.361
98.225
97.277
95.071
97.917
87.687
96.190
78.269
84.687
90.395
96.403
94.260
97.175
94.048
96.894
91.358
84.591
96.011
96.741
95.181
93.750
96.604
96.422
80.132
94.340
96.667
94.281
86.708
94.378
84.779
99.479
95.699
98.780
98.266
94.118
93.542
97.342
96.119
97.475
97.895
96.508
93.474
96.190
92.188
96.643
95.425
94.030
96.429
93.851
96.024
85.409
97.423
94.007
89.408
89.610
92.090
85.535
94.568
95.288
92.105
90.459
92.754
93.411
87.542
92.150
93.418
93.668
96.407
89.412
93.732
93.525
94.767
79.192
98.758
97.368
97.546
90.556
96.135
97.727
93.289
94.271
87.964
95.171
92.949
88.485
94.086
84.848
97.849
92.958
95.522
95.865
97.191
85.128
96.923
89.223
95.000
95.469
95.469
97.746
83.356
93.773
95.588
87.868
96.759
84.291
97.727
90.698
93.590
94.545
93.056
96.333
93.082
79.861
97.647
93.784
87.958
94.265
92.804
84.291
98.592
92.537
91.746
95.414
96.991
98.859
82.880
96.860
84.365
94.568
78.008
95.402
89.116
95.045
95.960
91.500
88.971
95.619
96.154
97.778
92.560
94.355
97.360
96.847
84.768
94.828
94.633
82.667
87.117
83.673
97.807
97.009
98.026
96.241
87.013
90.845
95.971
91.600
96.000
96.791
92.205
95.833
96.845
97.128
88.945
85.470
90.667
84.536
95.278
96.319
91.467
98.633
93.744
93.506
96.667
96.154
87.324
96.296
95.262
96.626
88.475
98.587
82.353
90.570
87.452
96.575
95.238
96.471
94.682
90.541
96.024
90.504
96.685
96.124
90.217
94.459
96.117
95.288
92.308
94.363
97.368
90.878
97.024
94.576
95.758
96.181
93.503
93.162
92.283
91.971
79.259
95.455
94.086
95.931
97.740
88.295
97.368
97.011
95.597
97.484
92.281
92.874
97.549
79.688
91.884
97.340
79.821
94.366
76.540
91.344
93.939
85.425
88.919
97.938
92.262
95.716
89.261
95.467
82.843
97.802
98.039
92.414
95.506
97.701
97.454
95.946
96.137
97.347
88.667
93.171
96.337
99.550
95.833
96.011
95.254
96.429
96.615
94.828
97.101
88.492
92.619
93.682
86.250
95.154
80.488
89.706
90.361
96.086
95.238
97.354
95.402
96.970
84.483
93.252
93.607
85.481
92.000
95.950
96.784
94.545
93.413
94.017
95.238
85.839
96.658
80.000
96.633
95.775
93.704
90.541
97.484
95.041
97.917
95.522
98.889
96.610
91.527
92.955
86.525
92.121
84.318
89.807
95.238
96.350
95.299
96.789
95.000
94.459
96.552
94.389
85.588
88.552
93.939
95.238
82.308
92.677
91.463
91.542
94.074
87.004
95.918
93.827
95.362
97.763
96.178
91.518
91.518
90.094
90.094
91.257
91.257
92.713
87.342
92.105
96.460
96.622
92.466
92.282
92.000
94.524
96.286
98.630
92.727
96.514
90.598
94.224
84.153
83.084
91.617
94.510
87.975
97.959
90.476
87.356
89.130
94.444
92.508
96.791
97.222
97.111
94.231
94.882
91.170
96.190
93.269
91.398
94.886
96.875
95.181
98.718
95.085
83.264
94.737
97.111
91.014
96.094
88.462
93.567
99.020
95.122
95.122
95.280
93.884
83.960
92.105
93.436
96.643
91.971
81.720
96.049
93.960
96.216
94.661
98.122
98.469
96.491
95.115
87.709
97.717
91.014
96.094
88.462
92.935
94.359
92.857
95.597
90.769
97.600
97.753
96.667
86.828
94.000
94.290
93.827
97.436
93.359
94.977
88.408
96.705
93.739
93.679
90.533
97.544
88.557
95.117
96.893
92.381
91.534
95.146
94.952
85.749
94.371
97.491
93.333
95.377
92.949
82.063
97.248
85.593
90.476
87.850
84.252
93.220
92.982
90.530
96.875
95.238
93.532
96.894
90.909
89.881
96.161
87.649
96.154
96.154
97.647
86.364
91.667
89.412
95.111
97.949
91.176
95.040
89.668
96.364
96.767
81.638
94.553
94.315
94.180
87.654
98.033
95.341
96.512
84.567
86.638
83.077
93.069
97.489
91.322
95.833
90.909
92.228
90.000
78.269
96.866
92.336
95.635
96.154
94.304
93.194
93.162
96.949
96.596
88.542
96.809
98.305
98.305
95.402
97.475
97.333
85.741
82.007
96.416
93.902
90.355
97.595
95.597
95.417
89.583
93.798
95.960
96.244
95.343
93.805
93.966
96.203
91.787
94.982
91.892
96.891
98.276
83.013
97.484
96.667
92.754
96.491
89.732
97.647
96.784
94.175
82.713
97.531
88.073
91.346
87.654
96.667
95.062
97.688
86.616
93.994
88.840
97.802
94.872
86.441
92.549
94.220
91.406
99.048
95.954
96.444
94.697
95.513
88.295
97.354
95.756
93.333
94.203
95.117
95.686
96.296
88.462
97.277
89.804
90.050
84.804
97.619
89.498
84.080
94.279
95.833
74.144
82.600
95.870
90.909
92.350
86.857
86.180
95.981
93.567
86.561
84.236
96.175
95.833
88.889
96.667
97.101
92.609
90.942
79.487
83.974
86.984
94.753
95.349
87.143
96.533
97.647
84.030
88.356
88.356
86.364
82.042
91.624
92.732
91.775
93.744
94.074
85.686
77.139
95.215
94.444
87.692
81.638
92.440
97.917
97.917
96.914
83.752
85.380
96.061
95.960
96.608
84.458
96.863
91.639
97.674
95.169
82.883
95.455
93.960
94.068
96.569
94.886
93.452
89.415
95.327
97.927
96.190
94.975
96.073
87.873
95.455
95.714
84.831
93.258
95.112
94.763
90.775
82.468
93.382
93.011
91.016
97.443
95.238
95.990
94.248
96.667
81.106
93.289
88.924
93.958
87.926
94.286
93.878
91.640
93.496
96.970
90.769
95.833
93.233
92.505
94.444
96.403
94.558
89.610
99.495
88.889
96.216
95.628
91.638
93.035
95.748
83.486
93.656
96.296
92.040
95.679
95.385
83.389
92.216
94.000
97.717
96.942
89.558
93.966
95.897
97.849
88.148
86.078
90.050
95.467
91.176
98.889
95.225
82.933
93.187
89.448
97.814
96.721
94.326
87.368
89.015
92.829
95.238
97.033
95.000
94.928
96.244
93.519
96.970
95.480
91.150
98.246
94.824
96.259
95.745
92.901
96.712
96.396
88.283
98.246
90.530
92.459
97.059
97.458
88.038
89.946
97.884
91.912
90.395
84.636
97.890
88.803
94.583
93.613
97.222
92.216
95.102
96.610
89.706
96.970
95.854
89.964
95.000
86.498
95.736
83.934
89.286
93.731
97.386
97.721
95.793
93.147
96.764
95.146
96.923
94.226
93.636
96.429
96.131
97.183
85.882
91.527
85.026
93.272
91.172
93.889
92.641
93.464
92.079
75.175
91.935
97.407
95.833
85.859
94.600
95.411
93.651
93.452
97.727
93.056
91.726
96.396
91.186
95.679
96.429
97.378
94.086
93.620
94.203
96.753
95.861
95.989
90.212
95.402
88.679
92.090
96.667
86.420
98.109
95.513
83.819
94.545
96.296
92.381
96.622
95.377
90.133
91.204
80.342
80.342
94.792
96.138
97.963
93.093
96.454
87.654
96.739
90.732
95.706
97.059
77.978
85.882
85.496
86.087
97.175
80.532
85.960
78.680
96.429
95.706
95.745
95.745
95.614
73.795
95.289
81.452
84.577
95.015
97.115
96.111
91.697
91.057
96.429
93.350
95.214
96.860
87.200
96.861
97.222
95.756
85.096
95.781
79.856
95.146
91.364
97.239
98.188
84.767
82.196
94.378
91.705
95.071
83.280
95.341
94.047
98.000
79.615
93.289
95.349
90.385
92.697
96.200
97.647
88.822
95.393
94.633
95.181
92.366
86.905
95.588
88.506
97.222
94.661
94.975
97.363
84.365
89.865
91.935
97.619
97.619
96.732
94.815
92.157
97.414
90.598
85.593
87.500
87.692
97.300
96.739
97.917
97.297
94.030
98.182
96.732
97.133
97.024
90.714
95.484
90.000
90.000
98.039
95.128
93.458
90.476
96.175
96.028
96.124
78.816
95.185
96.741
78.022
95.948
78.238
86.831
94.729
94.396
97.222
97.735
87.611
80.185
94.220
92.764
91.453
95.688
94.257
89.720
78.857
96.154
95.833
95.726
79.654
96.124
85.328
96.259
86.900
97.545
85.317
85.821
93.333
96.740
93.590
94.697
92.456
96.111
89.662
97.222
96.886
89.024
95.322
97.162
79.636
88.696
95.981
90.411
94.583
92.079
94.949
94.017
91.860
95.833
93.333
97.004
96.396
90.523
89.137
89.789
98.760
92.593
96.774
95.098
96.875
95.556
97.211
93.939
91.080
95.455
86.111
96.842
95.805
94.872
89.869
92.405
94.527
95.607
97.857
83.731
96.479
96.429
94.933
95.679
86.066
85.577
90.361
95.635
93.913
89.086
91.667
90.816
75.798
95.143
91.026
90.591
80.793
97.093
93.333
93.162
94.470
95.619
97.342
88.235
92.479
94.545
86.957
97.275
93.220
92.664
95.480
90.458
90.341
93.750
85.944
91.919
89.720
95.122
96.715
81.899
96.104
90.043
97.826
95.062
97.112
89.067
81.569
92.857
95.480
94.340
85.574
94.048
97.572
91.080
84.400
86.900
96.203
95.755
82.031
85.859
97.126
94.554
96.445
94.248
95.760
96.774
97.333
97.483
98.734
95.716
94.241
84.949
95.455
87.037
96.914
95.568
97.917
85.714
96.446
94.444
91.549
92.508
95.685
97.572
90.152
83.498
83.498
86.000
90.355
95.833
89.964
95.000
86.167
94.227
93.827
93.714
95.356
97.423
97.158
92.105
95.679
91.139
94.658
97.222
92.188
88.889
87.288
98.276
95.726
89.911
92.708
80.190
93.631
96.618
90.133
95.960
95.206
95.000
91.429
88.643
97.674
97.101
91.707
96.569
91.437
85.978
95.660
85.171
92.715
89.848
84.342
89.836
96.175
96.643
86.957
93.878
90.164
92.593
93.056
92.917
88.158
96.533
95.082
87.436
92.784
98.148
88.744
93.548
80.363
92.579
96.512
95.652
92.466
84.580
87.111
96.518
97.072
95.960
96.943
92.793
86.735
96.078
95.385
91.255
97.129
93.443
92.135
95.283
90.404
96.239
98.225
94.444
91.743
97.000
97.333
93.870
96.512
91.333
82.843
94.118
97.101
96.057
89.086
96.465
97.895
95.143
93.103
95.025
97.802
95.578
96.914
93.400
87.861
95.906
97.319
94.937
96.815
83.755
97.354
85.053
89.243
95.597
94.996
97.966
97.407
87.931
96.914
94.144
96.800
95.402
88.048
96.357
94.688
92.564
90.459
96.825
78.778
97.255
89.591
89.972
87.500
85.693
93.834
95.960
95.868
89.655
92.391
98.125
95.668
94.641
85.142
88.742
91.089
96.604
96.364
95.429
94.649
91.571
93.923
96.564
92.754
94.700
94.753
95.714
96.061
88.408
92.857
82.927
81.463
91.935
95.455
95.455
88.506
89.773
94.081
96.599
80.000
84.641
94.545
96.104
91.919
84.846
98.081
93.515
92.157
80.000
92.593
96.212
90.660
91.808
98.459
95.513
96.444
98.000
95.480
89.306
96.212
95.577
92.262
95.870
87.307
94.118
85.455
85.000
99.415
88.304
97.240
94.886
83.333
95.833
95.316
96.795
94.737
83.015
92.350
93.103
94.768
92.157
87.226
81.343
96.377
91.892
92.750
94.196
96.711
97.500
95.455
91.912
95.632
94.915
97.723
88.426
92.157
98.551
94.203
95.495
95.254
93.023
92.381
85.317
90.805
90.050
84.049
94.867
89.937
94.196
94.298
95.161
88.308
93.281
94.345
95.752
97.590
97.863
94.921
96.354
96.212
96.154
96.950
80.258
96.866
94.372
95.906
95.783
97.268
96.296
96.454
92.829
93.350
87.955
97.931
87.634
96.053
93.725
92.481
89.091
85.047
91.023
91.481
95.604
94.475
88.542
90.833
93.636
93.636
95.714
83.275
92.727
92.361
95.402
96.581
91.204
93.056
97.268
91.703
97.222
90.909
94.231
93.576
84.289
93.725
83.140
96.970
95.761
95.152
87.106
94.624
97.323
87.607
86.701
96.040
95.082
82.857
92.143
88.492
86.347
87.970
86.439
96.552
94.937
83.860
78.697
86.901
96.667
86.364
92.126
97.059
94.583
91.480
88.679
89.655
89.655
96.914
93.333
88.889
88.889
97.491
94.650
96.014
92.414
93.443
92.126
90.395
90.458
92.771
91.517
90.335
91.603
97.198
97.821
93.434
95.013
94.527
95.341
86.751
99.479
87.438
95.317
93.254
97.222
90.591
89.979
95.833
95.238
99.462
95.049
93.333
87.603
95.495
97.949
90.400
96.403
96.396
82.713
92.674
82.860
89.147
91.255
91.935
97.222
95.906
93.217
88.119
97.399
90.076
91.533
96.620
96.860
97.563
96.296
87.703
87.963
96.063
95.019
84.915
87.500
93.452
89.320
94.444
96.137
92.835
86.842
89.451
84.000
84.000
89.017
90.925
85.505
90.698
89.661
96.491
94.872
87.698
91.515
93.958
97.636
82.579
90.333
95.342
96.450
93.519
92.410
86.134
96.866
94.302
95.225
96.552
95.429
82.770
95.364
94.099
95.699
96.970
97.386
96.774
93.810
83.533
91.667
97.268
94.824
95.062
83.908
94.805
94.805
95.455
91.228
84.127
90.909
96.850
89.662
97.175
76.618
89.718
73.946
88.333
90.736
98.253
94.907
97.083
97.211
85.463
97.340
90.584
97.863
95.726
96.364
95.238
88.136
91.453
94.006
96.517
94.276
97.386
93.711
92.040
96.616
96.508
85.019
97.035
92.765
97.276
95.652
92.722
94.969
88.889
96.755
89.583
96.296
95.714
92.800
97.863
96.491
96.491
92.000
91.045
93.220
91.972
83.889
87.698
92.337
87.207
95.175
97.399
96.063
94.558
91.071
96.942
88.497
96.721
95.652
97.222
90.491
94.964
95.025
86.286
97.964
91.176
96.825
94.891
82.310
96.078
84.810
79.933
96.104
96.991
98.859
97.484
91.304
92.273
95.161
88.162
86.822
94.564
87.685
87.079
91.981
92.935
90.435
95.215
88.406
80.176
96.154
97.222
96.154
97.009
97.992
96.000
83.533
94.371
96.354
92.699
94.969
86.184
86.184
97.414
90.598
85.593
98.413
96.028
95.833
96.479
91.373
95.495
90.256
96.552
93.301
97.033
94.268
97.368
97.464
94.083
94.048
96.255
96.053
93.280
94.570
85.987
91.486
98.305
96.875
95.128
95.597
95.425
87.607
94.424
95.000
81.818
90.345
78.125
75.352
86.056
80.185
91.549
96.296
82.911
77.835
95.758
94.421
97.933
88.969
94.545
94.549
97.443
89.906
97.260
89.769
96.863
97.002
94.235
95.989
98.251
88.374
97.966
96.970
85.455
85.455
92.708
84.286
85.965
92.453
90.878
97.347
80.729
93.264
93.711
88.054
85.981
93.243
88.430
96.501
97.009
95.098
99.160
97.712
79.843
86.842
90.669
94.737
90.747
85.799
83.721
97.863
97.458
95.918
98.765
88.969
96.124
96.124
91.216
91.216
92.045
92.045
88.506
89.773
88.724
86.022
94.771
96.552
96.616
97.849
96.528
96.658
94.510
91.990
93.233
97.778
92.562
92.188
96.154
93.846
93.429
89.021
95.402
87.097
88.333
86.957
92.800
87.823
87.073
93.048
96.809
95.062
89.937
94.634
97.942
97.727
97.030
89.769
94.949
86.708
95.425
93.220
92.228
87.692
93.069
94.239
94.595
90.504
96.330
95.455
93.801
96.819
95.480
92.767
89.644
88.889
80.000
80.476
86.073
96.239
95.652
93.242
92.142
95.758
97.333
95.211
95.128
91.358
95.312
86.943
97.849
83.448
94.444
90.358
89.189
97.619
90.323
88.710
83.232
93.750
94.421
95.056
83.514
82.192
93.275
94.475
94.915
90.942
91.770
96.732
92.424
85.026
94.231
95.716
96.893
96.000
94.203
96.970
93.827
97.076
97.931
95.333
93.846
96.200
77.929
96.795
89.300
86.439
86.503
92.262
98.333
94.297
86.826
94.719
94.318
86.013
97.279
96.450
95.484
94.643
96.175
96.610
96.875
89.222
96.364
93.452
89.306
96.405
86.207
86.207
96.129
88.506
87.952
81.522
82.931
89.441
82.075
97.143
95.767
92.337
94.977
94.226
97.368
90.323
93.833
89.308
85.827
95.641
96.552
91.246
81.642
97.101
96.104
82.746
82.738
82.738
86.364
89.286
94.737
82.090
95.833
85.507
89.655
89.655
82.653
82.653
80.374
80.374
85.470
90.667
84.536
95.726
92.096
96.053
96.267
95.299
87.245
91.118
98.286
96.970
98.246
91.845
74.809
84.348
94.996
96.096
96.499
81.700
92.581
94.766
93.750
86.301
96.354
97.411
90.000
91.707
95.833
89.961
92.727
75.000
92.350
94.047
96.061
92.331
84.541
81.084
97.814
92.391
87.350
98.810
96.679
97.483
92.754
94.048
83.944
92.308
89.552
98.251
78.756
95.960
88.125
97.143
97.319
95.280
96.296
96.528
96.994
95.911
96.907
95.161
92.135
95.283
93.778
96.728
97.879
85.405
80.782
96.078
96.078
95.122
93.143
94.384
98.684
82.746
86.770
86.888
97.249
87.200
97.126
91.011
94.366
96.875
96.875
92.000
94.803
85.222
93.827
92.593
86.901
77.778
85.856
95.238
85.714
94.753
90.000
90.404
79.399
91.881
93.586
95.190
95.291
96.471
97.717
96.679
92.793
94.841
94.882
93.497
92.361
91.144
96.564
92.946
96.643
80.476
95.714
90.667
96.364
95.522
82.135
95.556
96.154
91.011
95.438
91.228
91.924
97.549
97.748
92.991
89.464
96.970
93.870
89.160
97.436
94.007
94.885
88.934
90.000
97.279
96.804
92.754
93.030
88.482
96.032
94.585
92.784
95.652
95.071
97.076
93.162
96.919
94.634
94.424
96.424
91.791
98.404
97.076
96.992
95.833
95.455
96.193
93.778
85.366
96.528
96.927
82.594
82.326
91.667
99.160
88.934
92.222
98.039
94.248
95.385
94.415
96.088
93.567
97.340
91.515
94.753
95.556
82.083
87.921
95.758
95.956
94.604
94.699
92.460
97.403
90.000
93.478
81.600
83.163
96.429
94.074
88.104
95.652
95.262
94.415
78.481
97.143
94.095
96.460
93.651
96.847
78.049
81.944
82.579
80.822
94.898
96.063
92.603
89.710
95.597
89.338
83.240
91.824
88.770
94.737
94.633
95.556
95.575
89.720
94.055
95.000
97.884
85.821
84.694
94.872
91.881
95.844
96.471
93.354
94.304
91.985
87.654
97.211
95.155
93.810
86.310
96.537
95.019
96.028
97.890
87.931
87.351
97.143
78.306
94.949
94.677
89.946
97.598
97.115
95.341
91.884
95.388
93.396
93.061
94.203
95.929
97.143
81.944
95.956
97.203
91.026
96.739
93.729
97.475
95.873
92.199
96.855
97.209
95.597
86.822
91.143
95.690
93.651
94.649
78.985
92.734
87.828
97.992
97.980
99.296
98.148
94.406
92.096
92.029
88.158
78.528
97.647
82.114
93.531
89.516
97.278
91.667
95.614
92.827
97.059
90.099
92.582
97.674
91.803
97.158
95.628
96.519
92.574
89.394
95.965
91.085
95.085
86.179
80.190
96.721
96.839
85.768
93.802
92.562
96.753
97.980
78.401
83.553
96.644
92.157
94.771
95.238
92.889
95.356
94.231
92.593
84.139
95.787
93.643
84.200
95.556
97.115
95.283
96.045
95.070
95.714
95.181
91.667
94.366
96.914
88.889
95.000
95.283
98.253
94.253
96.561
97.884
93.793
93.793
89.730
88.104
95.861
95.597
98.077
94.469
91.603
88.889
95.062
87.500
94.811
94.297
96.825
96.000
97.674
93.607
94.613
90.038
95.906
87.435
88.040
97.009
96.078
89.179
87.698
97.045
94.580
96.774
95.551
90.090
95.143
95.238
94.007
96.357
89.925
93.924
97.590
95.539
92.835
90.446
96.319
97.471
94.856
96.528
97.508
94.488
96.847
94.315
88.589
94.444
93.151
90.881
97.052
86.610
94.286
96.491
86.207
94.828
90.417
96.096
91.329
94.345
76.804
97.333
97.701
98.246
98.246
74.688
93.548
98.701
96.359
96.053
96.970
89.415
92.188
97.489
97.258
83.951
93.289
88.158
94.276
94.378
80.687
91.954
93.798
90.722
80.658
88.283
91.246
96.697
78.947
96.703
80.000
80.193
96.104
85.684
96.208
87.324
97.778
92.784
86.807
85.352
91.624
92.453
97.980
90.968
96.739
86.226
96.667
93.729
95.484
94.762
89.216
96.217
92.259
96.761
89.865
92.105
95.510
95.588
73.634
76.684
97.093
93.272
93.889
88.664
92.384
96.140
81.215
93.633
87.685
94.766
96.536
95.577
91.667
93.784
87.958
96.537
89.261
96.061
89.015
89.493
89.130
93.617
97.665
94.902
90.421
91.250
97.115
87.552
95.833
92.754
94.081
96.154
90.213
93.506
90.476
93.578
93.578
94.444
91.743
77.901
83.031
96.491
97.119
90.909
82.283
76.170
88.103
87.356
96.450
91.172
96.552
87.784
95.688
92.121
95.238
93.688
93.448
83.514
92.090
95.814
79.710
82.622
94.729
92.793
95.885
91.841
94.133
91.667
86.310
95.175
81.875
89.778
84.848
95.752
97.484
95.170
92.582
96.296
96.610
94.980
93.758
95.833
95.152
88.806
94.253
85.978
90.625
81.899
93.794
86.197
96.124
89.510
94.595
94.937
97.306
95.935
98.810
93.711
85.167
82.725
93.396
96.454
98.758
93.333
93.778
96.618
96.891
98.276
87.500
95.062
93.627
91.080
96.724
93.301
90.341
94.536
85.380
97.403
97.360
95.699
83.077
95.062
95.506
96.712
96.401
96.099
91.979
86.996
91.223
93.694
97.598
80.882
98.008
79.866
96.501
80.741
81.746
91.032
80.363
92.157
95.473
82.857
97.143
83.053
91.880
86.345
96.000
96.774
89.349
94.195
88.889
98.391
90.704
97.748
90.995
93.095
91.429
95.238
94.118
95.948
88.889
87.109
92.050
95.455
85.542
96.124
98.125
87.500
96.615
98.122
95.190
88.330
95.377
98.125
94.086
94.231
92.290
77.684
94.298
85.222
86.842
97.802
94.271
96.341
86.648
97.173
87.045
97.143
88.374
93.519
96.024
92.672
86.162
91.983
87.283
94.928
92.800
89.916
91.252
96.724
89.451
97.260
95.679
87.799
99.458
84.231
91.429
92.694
95.000
88.125
92.917
94.732
91.880
97.258
93.704
95.045
91.667
80.723
94.384
80.000
97.126
91.705
94.378
93.469
97.955
96.970
95.238
95.614
89.718
91.169
97.175
85.859
91.518
95.726
97.248
96.000
92.857
90.333
93.464
86.515
92.241
96.914
91.746
95.126
94.608
92.973
91.808
94.186
96.886
91.126
96.228
92.308
94.083
96.168
96.296
95.053
91.050
97.491
91.328
88.889
83.015
97.927
90.265
97.963
80.793
89.356
89.744
95.440
91.228
86.806
89.286
94.081
94.695
94.538
90.538
91.803
89.448
93.913
91.228
82.911
94.136
81.683
94.118
87.500
94.915
95.161
96.863
96.774
