91.712
82.188
98.889
94.681
95.575
96.364
88.521
96.479
89.137
86.842
95.206
95.056
94.444
95.354
96.296
94.340
84.483
95.619
92.810
96.866
89.769
96.078
76.570
97.382
97.067
94.372
85.242
80.589
95.122
82.353
98.165
92.063
81.724
93.805
85.128
95.814
97.024
86.957
96.471
94.086
90.385
85.142
83.934
96.667
95.671
96.667
92.157
96.784
96.774
98.214
96.880
92.982
93.711
95.833
86.207
83.448
94.578
95.679
96.703
97.315
93.151
91.534
98.333
92.113
89.186
96.817
92.157
95.299
88.889
96.429
91.954
89.007
90.150
94.803
71.991
95.668
91.803
95.025
88.141
97.778
96.503
95.578
94.856
97.159
91.154
94.118
95.204
87.730
92.929
96.845
94.245
88.073
91.781
95.806
92.241
96.099
96.894
93.012
85.199
84.055
93.333
82.149
95.981
95.685
94.658
90.143
90.491
89.493
96.914
90.766
82.886
98.000
93.586
93.939
96.203
91.467
92.899
92.405
96.602
93.162
94.203
83.356
92.929
96.667
91.562
94.759
92.574
93.582
97.112
95.607
91.566
91.150
96.244
91.202
96.809
96.581
97.619
90.406
95.539
84.541
94.326
91.026
95.726
98.765
92.373
95.610
97.475
94.732
94.583
96.491
95.283
93.296
94.775
98.634
83.333
84.737
92.205
94.286
95.679
86.066
92.129
79.775
92.133
96.849
89.583
90.132
94.195
92.424
93.095
95.775
91.803
96.450
95.417
97.222
87.709
91.712
87.975
92.767
93.188
81.680
96.078
76.750
94.493
91.721
80.377
94.215
96.536
87.197
91.813
98.421
88.827
96.552
93.722
95.679
88.199
95.102
86.395
91.571
85.252
94.253
87.552
95.152
96.875
89.259
97.214
96.078
95.238
89.730
79.259
85.897
97.019
96.923
95.049
96.737
93.220
91.403
90.265
92.541
92.734
86.972
95.495
84.567
91.848
90.000
95.745
96.111
86.667
96.357
95.726
95.495
95.142
94.839
94.444
91.406
87.946
94.558
88.462
83.221
97.222
97.293
97.665
97.735
88.652
84.483
94.981
97.600
93.464
96.244
97.595
95.185
91.533
95.758
77.835
90.741
96.161
84.577
95.010
94.298
89.024
87.817
95.946
84.102
87.654
92.456
96.078
94.471
87.750
88.258
96.627
98.246
91.144
79.636
92.222
89.222
83.702
91.617
95.175
93.981
94.579
93.679
91.252
79.821
90.736
92.617
96.855
87.240
95.711
90.133
88.703
90.566
96.768
92.920
94.771
94.126
98.810
94.463
92.564
89.147
90.123
93.945
95.280
92.188
92.384
96.970
94.937
85.467
96.212
96.875
94.715
96.239
96.855
98.684
86.809
92.121
82.857
94.257
89.103
96.819
82.745
82.090
85.714
96.032
96.460
96.610
82.609
90.085
90.732
90.133
95.349
92.113
92.857
94.839
95.960
95.935
94.633
88.742
92.667
95.981
85.242
95.000
87.469
89.300
92.734
90.408
82.456
86.567
97.879
96.954
95.588
96.774
84.706
89.937
98.101
94.600
88.158
94.245
95.098
94.969
79.555
94.186
93.431
94.000
94.726
91.908
90.669
90.977
87.861
95.045
96.847
97.222
84.846
86.977
92.069
83.354
91.710
94.699
93.130
95.638
96.358
95.402
96.923
92.683
93.503
93.187
96.296
95.140
92.825
97.133
95.592
93.056
95.714
88.987
88.063
98.286
98.519
93.035
97.643
97.917
91.089
85.971
97.778
96.111
98.113
94.224
92.231
97.892
94.006
95.175
95.658
93.750
97.266
93.620
96.220
93.981
95.758
93.548
94.872
88.475
79.439
84.186
87.410
92.369
93.311
87.607
97.821
93.266
93.667
95.098
97.173
94.641
97.143
96.825
93.878
96.855
88.028
91.639
85.491
94.975
87.269
96.552
89.237
98.077
96.364
93.827
95.425
75.879
95.000
88.596
92.157
92.517
92.095
95.833
80.610
97.076
87.703
93.448
97.268
92.857
96.370
93.827
81.600
85.732
96.794
84.348
95.866
75.258
85.016
73.995
87.109
94.828
95.455
96.078
86.984
90.759
86.735
92.739
97.333
84.249
95.217
93.542
97.260
81.463
93.633
89.602
89.937
87.960
89.937
90.476
97.849
85.316
96.839
94.576
98.366
90.421
92.973
93.833
92.414
87.073
96.259
86.996
94.697
88.040
93.870
95.139
96.825
96.564
96.471
90.667
92.345
93.773
96.667
92.442
96.970
95.833
97.392
96.787
95.489
90.864
97.209
86.345
96.596
96.244
85.693
95.342
95.885
92.874
97.411
97.126
93.798
95.000
90.210
92.754
97.183
92.734
92.825
91.919
87.850
93.220
84.000
85.202
97.107
85.981
95.484
83.849
95.333
97.107
87.552
95.833
89.524
85.859
95.833
93.162
94.882
96.875
98.519
95.393
85.600
95.726
89.007
95.455
90.426
87.459
96.825
93.922
92.810
85.484
93.220
91.228
91.346
95.935
95.333
90.335
92.323
93.981
95.568
94.921
86.701
81.683
94.595
78.049
95.387
93.407
94.048
82.428
95.876
95.556
97.101
96.491
94.828
84.524
92.810
86.126
93.013
95.876
97.818
95.115
80.741
93.407
95.918
87.984
97.872
92.424
97.124
98.214
96.755
95.813
88.235
90.833
86.486
97.024
95.000
91.667
93.243
97.052
93.668
86.667
96.175
90.358
91.515
94.055
92.218
97.643
95.767
96.053
97.024
86.667
92.290
95.455
95.207
95.045
86.888
96.875
88.626
82.342
90.476
91.403
93.939
88.564
97.964
89.404
80.712
92.308
94.583
93.258
93.924
89.744
90.282
90.164
93.061
80.263
94.203
92.400
88.517
96.028
96.154
97.802
96.407
85.493
91.618
87.179
84.591
90.213
91.329
95.146
97.523
92.473
91.349
96.839
95.455
90.769
89.082
80.176
94.290
94.203
90.727
84.532
93.839
87.719
96.502
96.471
93.821
96.787
83.920
94.118
97.260
94.885
92.029
90.881
78.485
95.990
89.610
91.011
97.045
97.992
97.115
94.253
95.142
90.370
93.923
88.479
94.553
91.139
88.186
95.317
94.949
80.263
95.582
92.560
75.862
93.416
90.446
93.354
95.716
96.774
96.581
92.381
95.761
94.086
95.541
95.192
95.686
95.122
96.531
96.875
90.991
96.944
86.039
95.833
95.802
92.978
95.175
82.828
88.054
93.827
96.212
97.484
89.137
93.359
94.286
95.200
88.385
90.323
96.684
96.809
96.212
97.276
90.395
95.317
98.986
89.490
96.667
95.804
96.049
89.961
90.129
97.933
97.849
81.590
87.861
88.846
95.062
95.377
96.073
96.078
96.019
82.228
92.237
96.429
96.875
97.403
96.154
97.101
94.444
96.847
96.552
97.323
97.917
96.341
96.502
91.026
92.793
90.783
97.124
96.491
82.000
89.925
90.459
92.500
91.185
79.654
82.217
93.464
95.628
94.969
83.978
94.824
94.253
94.549
93.810
94.779
86.648
90.400
96.429
92.754
96.703
84.242
86.996
98.611
98.113
90.523
92.579
95.652
97.333
98.039
84.407
84.672
91.667
80.814
89.130
94.024
95.082
87.611
94.872
91.383
86.102
93.548
96.092
93.293
91.703
81.673
95.614
93.333
93.548
96.992
95.169
92.284
95.010
87.302
94.510
95.204
94.495
78.490
86.473
87.190
87.006
95.262
84.737
96.396
98.294
96.845
80.741
87.719
96.429
94.427
93.182
97.119
97.222
96.491
83.259
96.454
90.977
87.671
93.939
98.429
97.807
97.987
97.619
85.213
96.767
97.143
96.627
88.148
95.052
96.032
96.552
88.889
95.290
83.389
97.222
92.063
89.623
94.915
96.620
93.045
82.422
96.947
96.880
91.566
96.487
95.238
97.222
93.794
96.337
90.129
95.635
83.978
85.328
89.776
95.641
95.425
87.873
96.739
94.419
85.240
94.709
87.719
92.620
96.491
97.392
94.158
87.963
97.214
91.756
92.593
92.513
91.729
92.934
89.175
93.237
94.444
96.264
86.585
85.256
89.720
96.581
95.128
95.767
86.842
96.364
96.644
91.518
88.088
97.266
92.390
96.739
88.608
93.870
87.238
90.253
96.000
91.756
94.406
96.842
91.582
87.931
96.863
98.587
94.487
98.039
94.695
88.583
97.076
91.990
97.740
90.183
93.627
81.526
95.265
97.436
88.583
93.613
94.279
93.379
97.183
87.023
96.728
86.957
94.030
94.444
95.522
93.729
84.957
94.355
95.317
92.829
97.561
96.795
93.722
94.372
92.857
97.101
92.655
97.268
94.580
96.732
81.818
96.061
95.865
96.273
90.698
88.864
97.484
97.143
97.531
93.103
88.063
91.954
97.458
88.406
97.386
95.414
89.247
97.549
93.151
97.133
95.813
95.155
96.000
94.718
91.618
94.444
97.175
95.541
87.402
94.056
97.563
89.286
94.792
96.988
80.907
96.709
96.835
92.096
94.127
95.238
95.833
93.103
92.708
85.965
93.220
76.510
93.077
87.097
92.946
95.781
76.893
97.211
94.118
96.063
94.583
92.857
95.833
82.738
92.715
92.377
92.655
81.653
82.657
97.239
96.759
93.600
87.059
93.103
83.558
90.681
83.219
95.118
88.103
87.542
95.152
96.849
95.425
92.541
97.778
95.262
96.259
79.310
95.385
91.250
92.901
97.959
93.884
94.242
92.621
96.154
96.043
94.118
95.513
95.238
86.697
94.401
88.038
95.506
82.840
97.321
95.438
94.235
84.672
83.616
89.160
86.782
97.688
93.860
97.126
98.566
93.878
92.283
90.000
92.739
88.199
94.771
80.556
95.385
96.416
91.848
94.862
96.847
96.889
88.542
90.727
96.761
86.441
99.267
84.768
92.617
91.667
78.816
97.778
99.458
90.141
96.512
97.059
93.711
95.866
91.848
89.721
91.803
92.655
94.286
93.333
90.336
94.302
95.833
79.898
96.043
77.649
90.704
92.574
98.477
94.570
96.014
96.919
95.804
95.906
97.727
86.364
86.207
92.459
88.732
94.633
87.073
90.726
93.474
95.510
96.825
94.017
85.016
91.638
82.332
93.155
87.073
75.643
81.325
89.157
95.214
93.732
91.358
90.875
80.938
93.436
97.222
97.328
96.970
91.262
91.351
96.024
97.076
87.438
95.322
94.268
88.851
90.947
96.203
92.331
94.444
96.949
95.793
86.290
84.545
85.169
95.388
96.133
78.734
86.977
95.159
88.123
98.361
92.764
85.106
95.489
88.744
95.146
86.792
93.939
92.977
85.577
97.203
96.364
87.259
90.570
94.952
94.633
82.422
94.372
90.164
84.834
91.195
95.635
93.548
94.386
83.673
96.732
93.651
96.703
92.254
96.357
84.444
94.792
86.207
95.455
96.919
94.654
75.145
90.143
94.882
92.655
83.544
92.323
95.393
85.106
91.697
95.175
95.169
95.929
96.708
75.175
92.000
96.460
90.909
96.774
84.848
88.426
86.667
93.289
97.372
83.140
94.203
87.500
88.664
97.115
97.035
95.238
86.275
97.863
93.162
89.644
94.928
94.203
86.735
92.178
99.020
94.568
97.857
91.481
96.937
97.315
97.436
93.667
98.182
85.000
93.400
80.983
89.558
95.513
95.082
97.647
86.735
83.660
95.217
97.115
89.490
93.668
96.581
86.275
89.977
89.807
95.592
97.006
95.688
86.467
95.087
92.377
95.405
87.338
97.411
93.567
90.217
90.254
92.157
90.625
95.353
89.451
94.737
96.465
95.854
96.866
96.078
91.234
94.118
96.053
88.596
95.455
97.110
96.403
94.862
86.869
84.615
97.396
94.515
89.539
93.496
96.845
90.955
94.982
95.152
94.585
88.125
93.147
96.111
96.032
90.865
83.755
87.238
95.597
81.084
94.643
82.895
96.086
96.273
95.215
94.872
91.562
90.256
97.407
96.364
96.129
94.643
96.241
84.458
95.092
83.354
97.917
96.212
91.875
92.593
93.506
97.386
97.561
93.464
88.497
94.388
93.694
92.000
80.342
97.963
85.986
83.013
90.794
96.804
96.370
89.655
91.841
92.342
94.715
94.359
93.729
92.188
80.473
94.872
96.701
94.949
84.591
89.539
89.778
93.981
96.701
94.286
94.000
93.233
92.500
98.125
98.611
82.101
97.019
96.203
96.206
95.844
85.714
97.244
96.181
91.071
96.994
96.907
96.759
95.217
96.057
96.885
96.930
96.954
97.512
95.686
93.333
93.333
95.238
95.203
95.000
90.909
92.515
88.148
96.618
90.000
86.755
92.357
91.503
95.349
97.475
96.894
96.429
94.649
94.286
97.276
93.210
92.178
96.444
84.874
99.020
94.915
83.203
84.043
94.350
96.954
96.172
95.872
96.564
83.133
92.593
97.278
91.640
97.814
93.981
95.338
95.950
82.437
90.500
93.407
98.276
83.558
89.807
96.780
90.085
92.133
84.186
95.714
96.405
92.424
96.471
82.203
96.193
93.048
95.118
95.604
93.011
92.735
92.683
97.326
90.897
80.795
96.685
91.202
95.588
91.223
96.970
95.971
94.170
84.029
97.723
81.330
97.917
93.769
89.500
97.222
97.175
92.412
93.137
92.602
94.768
93.229
82.031
90.857
78.022
81.463
85.169
93.617
83.488
95.082
90.038
89.848
94.048
96.228
84.641
94.969
93.243
91.414
96.407
93.668
96.847
88.840
96.501
92.496
92.259
92.040
94.086
80.132
94.311
94.964
88.832
92.715
93.659
94.737
97.009
87.037
87.821
82.143
91.304
86.111
96.899
97.133
93.264
95.425
95.767
85.650
96.602
97.576
90.909
82.430
83.264
95.013
94.118
97.475
91.726
87.812
90.129
96.377
96.774
90.152
96.787
96.364
93.229
97.126
77.872
89.583
95.192
95.055
96.774
97.887
89.796
93.607
98.777
96.800
91.954
93.269
80.983
96.061
93.633
96.175
98.889
90.221
94.682
94.677
99.415
94.867
93.798
89.445
84.752
90.861
88.148
96.697
95.480
90.414
87.432
89.710
94.118
76.753
95.349
96.396
94.266
96.732
91.437
94.262
94.836
94.700
96.633
90.461
96.721
95.140
96.626
98.026
79.156
97.260
96.296
95.000
96.732
94.203
93.939
93.939
93.834
95.402
91.775
95.873
96.847
86.111
84.687
93.258
96.697
84.615
93.521
91.542
93.128
99.020
95.897
81.977
93.684
93.333
92.793
83.575
92.144
86.339
92.496
95.265
97.973
96.899
97.300
96.569
93.521
81.153
97.549
97.963
80.882
92.361
96.739
90.957
97.009
96.078
93.254
93.860
80.791
92.150
91.304
93.827
86.341
92.282
95.062
84.038
94.389
97.368
85.000
90.210
94.915
97.024
90.842
93.217
93.333
96.517
96.212
83.673
96.615
97.222
96.190
98.780
94.759
98.174
90.520
93.544
96.569
86.179
99.187
96.053
96.508
92.593
93.711
95.563
92.336
96.842
94.388
79.595
96.175
96.061
82.332
97.196
88.608
84.595
93.537
96.942
96.774
88.430
95.288
86.395
91.574
91.486
96.190
84.483
90.429
88.822
85.317
86.408
94.737
85.259
81.977
93.684
93.333
97.276
97.619
96.825
95.755
97.279
91.287
96.364
97.964
97.746
89.493
91.011
74.668
94.930
90.710
87.402
98.077
96.937
96.168
81.221
94.792
92.899
96.667
86.420
96.825
93.333
97.814
91.860
96.124
97.222
96.919
98.519
90.537
95.142
93.582
90.897
96.078
89.007
97.778
86.301
90.408
96.024
96.250
96.552
95.699
87.055
93.056
92.593
92.793
97.717
93.103
94.437
78.862
95.175
95.499
95.333
98.421
97.980
92.966
85.714
94.266
92.121
96.875
96.154
86.070
94.930
95.499
96.618
95.333
91.787
89.231
90.959
96.465
94.479
88.000
96.469
96.203
93.750
92.891
95.062
90.361
95.679
90.361
97.436
95.111
94.262
93.810
90.491
94.017
94.479
93.939
93.333
96.697
97.464
97.249
97.410
91.156
95.385
94.248
86.842
83.978
92.581
80.712
96.324
83.648
94.290
97.285
97.753
95.858
94.949
87.786
97.531
97.101
96.454
84.590
95.238
89.911
83.660
95.833
94.304
96.951
96.000
96.321
95.349
95.238
95.238
95.556
87.719
90.690
95.349
86.687
90.612
98.611
94.891
94.444
94.127
89.404
99.267
98.039
92.526
83.784
85.986
94.604
90.458
94.495
94.898
93.229
96.561
96.825
89.024
84.375
86.792
94.969
98.039
95.946
91.045
94.933
94.536
92.479
87.622
74.964
86.782
96.487
95.652
96.923
92.667
91.026
88.769
92.000
87.649
96.450
87.821
94.326
96.899
94.444
85.897
94.406
93.464
97.368
92.857
96.422
97.222
97.863
76.750
73.995
96.078
91.344
87.111
81.343
93.711
93.651
95.563
91.184
93.750
93.851
83.333
95.660
95.806
93.818
90.282
94.389
96.599
91.967
94.658
97.222
91.875
94.444
96.914
97.484
88.703
84.519
95.238
80.565
95.652
82.320
94.403
94.969
92.929
91.045
90.588
96.364
93.643
97.770
89.059
97.101
90.584
96.667
93.805
93.093
87.797
94.915
92.880
92.308
93.275
85.124
86.296
97.277
87.687
96.190
84.687
90.395
96.403
94.260
97.175
96.894
91.358
84.591
96.604
80.132
96.667
94.281
86.708
94.118
93.542
97.342
96.119
92.188
96.643
95.425
96.429
93.851
96.024
94.007
92.090
94.568
95.288
92.105
92.754
93.411
87.542
92.150
96.407
93.525
94.767
98.758
96.135
97.727
93.289
88.485
84.848
95.000
95.469
95.469
97.746
93.773
95.588
96.759
94.545
79.861
93.784
94.265
91.746
96.991
82.880
96.860
84.365
94.568
89.116
95.960
95.619
96.154
96.847
84.768
94.828
83.673
97.807
98.026
96.241
87.013
90.845
95.971
91.600
96.791
97.128
88.945
85.470
84.536
96.319
93.744
93.506
96.154
96.296
95.262
96.626
98.587
82.353
90.570
87.452
95.238
90.504
96.685
96.124
94.363
97.368
90.878
94.576
95.758
96.181
93.162
79.259
95.455
97.740
95.597
97.484
92.281
92.874
97.340
94.366
76.540
91.344
93.939
85.425
88.919
97.938
92.262
95.716
98.039
92.414
95.506
95.946
99.550
95.254
96.429
96.615
94.828
97.101
88.492
93.682
86.250
90.361
96.086
95.402
92.000
95.950
96.784
80.000
96.633
95.775
95.041
97.917
95.522
86.525
95.238
95.299
96.789
95.000
94.459
85.588
88.552
93.939
95.238
91.463
91.542
87.004
93.827
97.763
96.178
91.518
90.094
91.257
92.713
87.342
96.460
96.622
92.466
94.524
96.286
98.630
94.224
91.617
97.959
90.476
94.444
92.508
96.791
97.222
91.170
96.190
93.269
94.886
98.718
83.264
94.737
97.111
96.094
99.020
95.122
95.280
93.436
96.643
81.720
96.049
93.960
98.469
95.115
87.709
96.094
92.935
94.359
95.597
97.600
97.753
96.667
97.436
93.359
94.977
93.739
88.557
95.117
96.893
94.952
95.377
87.850
93.220
93.532
96.894
90.909
96.161
87.649
96.154
97.647
89.412
95.111
89.668
96.364
96.767
81.638
87.654
95.341
86.638
83.077
93.069
97.489
90.000
78.269
96.866
94.304
96.949
96.596
88.542
98.305
97.475
97.333
93.902
90.355
97.595
95.597
95.417
89.583
93.798
95.960
96.244
95.343
93.805
93.966
94.982
91.892
98.276
83.013
97.484
96.667
96.491
89.732
97.647
82.713
97.531
88.073
87.654
93.994
92.549
94.220
96.444
94.697
95.756
96.296
88.462
97.277
89.804
84.804
97.619
94.279
95.833
74.144
82.600
95.870
90.909
86.857
86.561
96.667
97.101
92.609
83.974
86.984
88.356
86.364
82.042
94.444
87.692
81.638
92.440
97.917
96.914
83.752
85.380
96.061
95.960
96.863
91.639
97.674
95.169
94.886
89.415
95.327
97.927
96.190
96.073
93.258
82.468
93.382
91.016
95.238
95.990
94.248
93.289
88.924
93.958
87.926
91.640
93.496
95.833
92.505
96.403
94.558
89.610
99.495
88.889
96.216
95.628
95.748
83.486
92.040
95.679
95.385
83.389
92.216
94.000
97.717
96.942
89.558
97.849
88.148
86.078
90.050
95.467
91.176
95.225
82.933
93.187
89.448
96.721
94.326
89.015
92.829
95.238
93.519
96.970
95.480
91.150
98.246
94.824
96.259
95.745
92.901
96.712
96.396
97.458
88.038
89.946
97.884
91.912
90.395
84.636
97.890
88.803
94.583
92.216
95.102
89.706
96.970
95.854
89.964
95.736
83.934
97.721
95.793
96.764
94.226
93.636
97.183
91.527
93.889
92.079
91.935
94.600
95.411
93.651
91.186
95.679
96.429
97.378
94.086
95.861
95.402
88.679
92.090
98.109
90.133
91.204
80.342
94.792
93.093
96.454
96.739
90.732
97.059
77.978
80.532
78.680
96.429
95.706
95.745
73.795
84.577
95.015
96.111
91.697
93.350
96.860
87.200
96.861
79.856
97.239
98.188
84.767
82.196
94.378
91.705
83.280
95.341
94.047
98.000
93.289
95.349
97.647
95.393
94.633
95.181
92.366
86.905
95.588
97.619
96.732
97.414
85.593
87.500
87.692
96.739
97.917
97.297
94.030
98.182
96.732
97.133
97.024
90.000
98.039
95.128
93.458
90.476
96.175
96.124
78.816
95.185
96.741
94.729
94.396
97.222
97.735
87.611
80.185
91.453
95.688
94.257
78.857
96.154
95.833
95.726
79.654
96.740
94.697
89.024
95.322
97.162
88.696
90.411
94.949
91.860
95.833
93.333
97.004
90.523
89.137
89.789
98.760
92.593
95.556
97.211
93.939
95.455
96.842
95.805
94.872
89.869
95.607
83.731
96.479
96.429
95.679
85.577
89.086
95.143
91.026
93.333
92.479
92.664
89.720
95.122
96.715
81.899
90.043
97.826
95.062
85.574
82.031
85.859
94.248
95.760
96.774
97.333
97.483
98.734
87.037
96.914
94.444
91.549
92.508
95.685
97.572
90.152
83.498
95.833
89.964
93.714
95.356
97.423
95.679
91.139
94.658
97.222
92.188
88.889
87.288
98.276
89.911
92.708
93.631
96.618
90.133
95.960
95.206
95.000
91.429
88.643
97.674
91.707
96.569
91.437
85.978
95.660
92.917
96.533
95.082
80.363
92.579
92.466
84.580
96.518
97.072
95.960
96.943
92.793
86.735
95.385
91.255
97.129
92.135
91.743
97.000
97.333
96.512
94.118
97.101
96.057
89.086
93.103
95.025
94.937
97.407
96.800
88.048
96.357
90.459
96.825
78.778
97.255
93.834
95.868
98.125
95.668
94.641
85.142
95.429
93.923
94.700
94.753
95.714
96.061
91.935
95.455
89.773
94.081
96.599
80.000
84.641
94.545
91.919
84.846
80.000
92.593
96.212
90.660
91.808
98.459
95.480
95.577
92.262
95.870
85.455
99.415
88.304
97.240
94.886
83.333
94.737
83.015
92.350
81.343
96.377
96.711
95.632
94.915
97.723
88.426
98.551
94.203
92.381
85.317
90.805
90.050
84.049
94.867
89.937
94.196
94.298
95.161
93.281
94.921
80.258
96.866
94.372
95.906
95.783
96.296
96.454
92.829
97.931
87.634
96.053
93.725
92.481
85.047
91.023
95.604
93.636
95.714
92.361
95.402
83.140
96.970
95.761
95.152
87.106
87.607
82.857
92.143
88.492
86.347
87.970
86.439
96.552
78.697
86.901
94.583
91.480
88.679
89.655
93.333
88.889
97.491
94.650
96.014
93.443
90.458
92.771
91.517
90.335
91.603
97.198
95.013
94.527
95.341
99.479
99.462
95.049
93.333
87.603
95.495
97.949
96.403
96.396
82.713
92.674
82.860
89.147
91.255
91.935
96.860
97.563
96.296
87.703
87.963
96.063
95.019
84.915
93.452
89.320
94.444
96.137
92.835
86.842
84.000
89.017
90.698
82.579
90.333
95.342
96.450
93.519
92.410
86.134
96.866
95.429
94.099
95.699
96.970
97.386
93.810
83.533
91.667
97.268
94.824
83.908
94.805
95.455
84.127
96.850
89.718
73.946
88.333
90.736
97.863
95.238
88.136
91.453
94.006
96.517
94.276
97.386
93.711
92.765
97.276
95.652
92.722
94.969
88.889
89.583
96.491
92.000
93.220
91.972
87.698
92.337
96.063
91.071
96.942
88.497
94.964
95.025
86.286
97.964
96.078
96.104
98.859
92.273
88.162
86.822
94.564
87.685
87.079
95.215
88.406
80.176
97.992
96.000
94.371
96.354
92.699
94.969
86.184
97.414
85.593
98.413
95.833
94.268
97.368
97.464
96.255
94.570
85.987
91.486
98.305
96.875
95.128
95.597
87.607
94.424
78.125
80.185
91.549
96.296
88.969
94.545
94.549
97.443
96.863
97.002
94.235
95.989
98.251
88.374
97.966
85.455
84.286
92.453
90.878
97.347
93.264
93.711
85.981
93.243
96.501
97.009
79.843
86.842
90.747
83.721
97.458
95.918
98.765
96.124
91.216
92.045
89.773
88.724
86.022
94.771
96.552
96.616
97.849
91.990
93.233
97.778
92.562
92.188
96.154
89.021
95.402
88.333
93.048
95.062
89.937
94.634
97.942
97.727
97.030
89.769
94.949
92.228
87.692
93.069
94.239
90.504
95.480
92.767
89.644
95.652
92.142
95.758
97.333
95.128
91.358
95.312
97.619
90.323
83.232
93.750
83.514
91.770
85.026
94.231
95.716
96.893
96.970
93.827
97.076
97.931
95.333
93.846
77.929
96.795
89.300
86.439
86.503
92.262
86.826
86.013
96.450
96.610
93.452
86.207
88.506
81.522
82.931
89.441
82.075
97.143
90.323
93.833
89.308
96.552
91.246
81.642
82.746
82.738
86.364
89.286
85.507
89.655
82.653
80.374
90.667
92.096
96.267
91.118
96.970
81.700
92.581
94.766
90.000
91.707
95.833
75.000
96.061
92.331
84.541
81.084
92.391
87.350
97.483
92.308
89.552
98.251
78.756
95.960
88.125
97.143
95.280
96.296
96.528
96.994
96.907
95.283
94.384
98.684
82.746
86.770
86.888
97.249
87.200
97.126
94.366
96.875
85.222
93.827
92.593
86.901
90.000
90.404
95.291
96.471
93.497
96.564
92.946
96.643
80.476
95.522
82.135
95.556
97.549
89.160
97.436
94.007
90.000
97.279
93.030
94.585
92.784
95.652
95.071
94.634
94.424
96.424
96.992
96.193
93.778
85.366
96.528
96.927
82.594
82.326
95.385
94.415
96.088
97.340
95.556
87.921
95.956
94.604
94.699
92.460
90.000
81.600
83.163
96.429
94.074
88.104
96.847
78.049
81.944
82.579
80.822
94.898
96.063
92.603
89.710
95.597
89.338
91.824
88.770
94.737
89.720
94.055
95.000
97.884
91.881
95.844
96.471
93.354
94.304
91.985
87.351
97.143
78.306
94.949
94.677
89.946
97.598
97.115
95.341
95.388
93.396
93.061
94.203
95.929
95.956
97.203
92.199
86.822
95.690
94.649
78.985
87.828
97.980
99.296
98.148
94.406
92.096
92.029
89.516
97.278
92.582
97.674
92.574
95.085
86.179
80.190
96.721
96.839
85.768
93.802
92.562
97.980
78.401
83.553
96.644
95.556
97.115
96.045
95.070
95.181
91.667
94.366
88.889
95.000
98.253
94.253
93.793
89.730
96.825
96.000
97.674
90.038
88.040
97.009
96.078
89.179
87.698
96.774
95.551
90.090
95.143
95.238
93.924
97.590
95.539
90.446
96.319
94.856
96.528
94.488
94.315
90.881
97.052
86.610
94.286
96.491
86.207
94.828
90.417
96.096
91.329
94.345
76.804
97.333
97.701
98.246
97.489
97.258
94.276
91.954
96.703
80.000
85.684
97.778
92.784
86.807
96.739
96.667
93.729
95.484
94.762
96.217
92.259
89.865
92.105
95.510
93.889
88.664
92.384
81.215
87.685
94.766
96.536
93.784
89.015
93.617
94.902
90.421
97.115
87.552
95.833
92.754
94.081
90.213
93.506
93.578
94.444
83.031
82.283
76.170
87.784
95.688
92.121
95.238
93.688
92.090
95.814
79.710
82.622
95.885
91.841
91.667
86.310
95.175
89.778
92.582
96.296
94.253
90.625
86.197
96.124
89.510
94.595
94.937
97.306
93.711
85.167
82.725
93.396
96.454
98.758
98.276
95.062
93.627
91.080
96.724
83.077
95.506
96.712
96.401
96.099
91.979
86.996
91.223
93.694
97.598
80.882
98.008
79.866
91.032
80.363
92.157
97.143
86.345
96.000
98.391
93.095
91.429
94.118
95.948
88.889
87.109
96.124
98.125
87.500
96.615
98.122
95.190
95.377
98.125
94.086
92.290
85.222
86.842
96.341
86.648
97.173
87.283
96.724
89.451
97.260
84.231
95.000
91.880
97.258
93.704
95.045
91.667
80.723
94.384
97.955
96.970
91.169
85.859
91.518
92.857
95.126
92.973
96.886
91.126
92.308
94.083
96.168
95.053
88.889
83.015
97.927
97.963
91.228
94.538
90.538
91.803
89.448
93.913
91.228
82.911
94.118
94.915
