95.817
96.732
96.692
97.927
96.552
98.022
99.115
94.430
96.190
97.609
96.780
93.966
96.053
94.937
97.500
97.581
83.117
98.551
87.793
97.505
91.358
95.370
97.297
98.182
92.109
92.953
96.043
96.071
93.029
90.129
97.297
94.188
95.334
94.065
98.592
98.592
89.314
94.132
95.181
96.053
96.154
92.530
96.417
94.118
92.795
95.902
97.497
95.601
98.073
97.647
95.126
97.054
95.082
96.495
97.431
96.495
97.431
87.458
86.753
87.179
84.091
96.622
97.019
97.454
93.750
97.404
92.885
95.833
99.174
95.260
96.179
92.821
98.851
96.552
97.092
93.739
93.060
97.744
98.210
95.849
98.352
96.503
97.333
94.417
95.745
95.781
92.801
95.745
95.781
92.801
98.246
95.057
92.683
98.298
95.911
96.774
98.684
99.324
98.513
97.891
95.414
97.006
97.465
93.103
85.551
99.096
98.462
96.518
89.370
95.960
97.482
90.893
96.935
96.932
97.895
95.985
94.700
96.512
98.396
95.035
94.595
96.581
96.581
98.609
98.035
97.753
95.426
96.804
91.768
90.705
97.087
94.054
93.983
93.016
87.786
93.697
97.126
97.297
95.745
97.810
98.322
94.697
95.906
82.337
92.606
92.248
94.958
97.959
97.455
97.196
92.571
96.421
96.199
94.286
97.674
97.173
97.143
89.826
95.946
94.955
88.261
98.413
97.035
98.256
97.170
97.430
96.667
95.333
97.479
95.818
95.326
97.773
97.103
95.478
96.491
97.805
96.384
96.269
91.483
95.900
91.235
98.198
94.280
97.430
93.002
95.183
96.970
97.083
93.148
97.156
94.800
79.512
98.165
96.715
97.479
98.758
96.312
98.122
96.124
94.224
98.758
97.610
98.000
91.133
97.115
95.522
96.273
98.367
94.302
98.305
98.095
94.878
97.305
98.734
97.287
97.368
97.887
96.788
96.074
95.789
95.059
96.471
94.035
96.129
97.059
98.889
97.500
96.591
91.658
85.239
93.951
95.829
91.481
92.759
94.231
95.560
96.954
98.000
97.292
94.823
97.002
95.769
97.002
95.769
96.396
97.153
96.644
95.960
97.463
97.315
96.377
96.767
97.392
87.197
99.419
98.949
96.479
95.434
97.377
96.558
98.295
95.063
97.876
93.704
96.973
97.727
97.506
96.396
98.571
95.200
95.057
98.366
95.620
97.474
98.779
90.000
95.162
95.480
93.405
96.131
97.557
98.722
98.722
94.729
97.264
96.270
96.471
97.845
95.861
98.086
96.721
95.016
95.016
97.788
97.541
97.913
95.604
96.840
98.409
95.628
98.286
97.297
96.840
97.588
98.176
97.887
96.178
94.420
96.273
98.176
97.887
96.178
95.774
96.610
94.024
92.453
97.251
94.264
90.833
97.549
94.350
95.187
93.056
93.084
97.257
96.916
96.465
97.256
97.321
97.561
92.188
91.694
96.285
97.674
92.727
97.445
95.986
99.600
97.204
95.683
90.566
94.753
93.143
94.675
93.863
93.375
95.690
97.186
97.207
97.375
93.588
96.807
96.894
96.584
93.133
97.486
95.038
98.438
94.124
94.067
96.374
97.782
97.354
97.959
96.230
98.319
97.990
94.000
95.271
95.086
98.020
96.970
93.714
96.476
94.719
93.043
97.344
97.344
96.513
95.798
95.349
96.128
97.912
95.801
96.283
98.765
98.742
95.877
95.716
97.304
93.407
86.111
92.364
87.415
97.339
98.118
94.851
96.131
96.891
96.226
97.436
98.095
97.436
95.789
83.735
95.690
98.128
98.104
99.048
95.690
98.128
98.104
95.599
95.633
95.903
95.690
83.421
95.360
94.522
96.569
97.566
92.979
96.809
97.419
98.246
89.655
97.619
92.346
85.313
94.695
94.277
96.691
96.827
95.463
97.943
96.023
95.828
97.600
96.970
96.519
96.970
97.093
91.954
96.825
96.382
95.377
98.095
97.541
87.654
96.403
96.403
90.909
97.983
90.909
97.674
97.983
96.021
98.225
90.931
92.067
95.793
95.153
96.176
98.028
95.652
98.410
93.379
97.082
97.403
80.930
79.969
96.795
96.939
85.879
95.131
94.745
92.244
95.381
93.043
95.957
93.947
91.763
98.698
95.261
94.386
98.204
97.239
95.726
97.164
94.796
97.838
96.853
91.304
95.318
94.541
91.667
95.918
96.800
86.226
87.812
74.302
95.650
96.600
96.850
97.333
92.364
88.581
91.500
84.921
88.998
94.958
96.888
97.021
97.465
93.089
87.375
76.552
80.193
95.620
99.550
93.933
85.751
95.339
97.143
95.260
96.875
95.474
97.368
95.997
97.682
97.175
97.872
89.785
86.000
98.176
94.134
95.706
97.608
92.401
98.020
95.614
96.752
97.183
94.911
95.628
97.481
94.718
97.037
96.053
93.333
96.914
98.615
92.786
91.111
97.243
97.792
96.581
97.838
97.429
96.360
97.449
97.021
97.686
95.050
96.071
96.914
95.341
97.098
97.183
89.474
97.414
93.614
97.189
95.506
96.413
95.571
99.145
94.005
93.210
96.242
98.889
96.875
96.691
97.826
94.915
88.514
80.513
98.182
98.182
96.455
95.510
96.000
94.865
94.458
98.814
96.667
92.188
91.694
96.285
97.674
98.065
96.640
97.509
97.509
95.192
96.457
96.296
97.202
95.586
94.697
95.289
97.196
96.800
97.342
95.289
97.196
97.342
92.800
97.895
97.070
95.556
94.428
98.148
98.198
97.866
97.141
96.377
97.191
96.416
98.286
97.378
95.658
94.118
95.045
98.121
95.401
97.050
95.288
97.895
87.416
94.057
95.255
96.226
96.569
96.049
93.414
95.964
97.391
94.275
97.087
97.872
90.732
95.082
95.588
91.948
96.814
96.444
94.422
95.706
99.390
97.613
97.390
95.685
95.089
95.556
91.692
96.512
96.024
98.095
95.913
98.143
98.864
89.308
89.531
84.709
75.569
92.689
94.969
97.458
95.158
99.394
97.561
96.787
97.175
96.044
96.999
96.154
97.279
97.279
95.854
97.203
77.551
96.584
96.597
93.168
95.618
96.396
90.885
94.729
97.778
96.347
96.347
98.744
98.177
93.274
96.024
95.057
92.444
95.291
94.330
96.667
97.340
95.892
98.765
93.210
95.301
94.760
97.340
97.564
96.418
96.243
96.767
92.157
93.966
97.375
96.095
93.902
97.778
96.594
97.512
95.238
96.809
95.532
88.629
92.271
92.271
94.634
93.048
96.624
91.512
96.144
96.519
98.802
96.098
97.403
98.615
96.683
94.007
97.800
90.152
98.104
94.512
98.387
97.436
96.842
98.539
95.528
97.039
97.222
96.258
92.737
97.222
95.714
95.739
95.000
95.094
94.595
95.910
97.349
97.349
98.333
95.833
97.358
97.997
97.248
95.267
97.997
97.248
95.267
96.104
98.246
98.982
95.228
97.252
98.585
98.452
98.441
93.443
95.699
96.154
95.418
84.335
97.581
90.929
90.000
84.590
95.466
95.544
94.393
97.905
97.471
94.712
77.941
94.142
96.327
93.863
97.913
96.581
96.794
97.770
94.889
95.037
96.364
94.769
96.943
99.127
94.475
95.270
95.639
98.429
91.057
91.753
96.700
96.534
90.879
97.006
96.104
97.581
91.242
96.561
94.581
97.358
96.535
92.702
92.788
91.620
93.578
94.704
96.104
97.581
99.692
98.901
92.661
96.952
98.544
97.305
93.534
92.228
97.835
93.678
89.189
95.816
98.496
95.000
96.289
97.527
97.179
99.502
96.983
97.596
94.471
98.464
79.817
81.193
98.067
97.988
94.259
99.602
95.536
93.002
94.839
95.522
95.544
93.680
94.964
99.602
95.536
93.002
94.839
97.312
94.886
95.035
92.892
92.500
95.238
93.548
95.554
97.244
96.828
94.841
97.821
95.812
96.809
96.651
98.039
96.000
96.819
93.676
96.262
96.907
89.024
91.318
97.076
96.245
95.492
97.101
97.543
95.174
97.590
93.889
98.298
96.503
97.030
96.610
94.054
98.131
98.438
94.821
96.642
95.679
94.728
95.736
96.660
97.667
97.764
96.923
92.718
97.121
97.309
96.939
95.455
85.342
90.598
97.899
97.133
97.518
98.772
91.489
95.419
96.599
99.267
97.477
95.290
98.824
97.232
96.629
97.794
96.667
80.921
82.692
80.659
95.946
96.042
96.480
97.802
98.340
97.089
96.078
91.667
97.635
97.273
93.538
98.301
95.925
97.497
98.485
95.322
97.872
92.000
92.000
94.334
97.902
97.537
96.729
85.161
95.556
88.636
80.435
88.679
96.790
98.196
97.561
94.804
96.845
97.426
98.261
98.907
96.729
94.804
97.752
98.551
88.776
96.269
97.255
97.539
91.071
96.727
96.404
95.977
97.674
97.112
97.624
98.507
95.607
91.327
95.946
95.309
98.291
94.991
98.556
97.297
96.376
97.447
93.925
95.714
98.072
99.398
96.438
89.293
97.984
97.745
95.718
97.980
96.517
94.118
94.895
96.561
95.666
88.998
94.958
98.282
97.313
95.926
96.577
95.906
94.012
79.474
91.640
84.900
75.166
80.159
94.469
95.723
96.014
74.368
94.700
96.218
97.471
96.989
90.966
94.030
94.643
97.143
96.904
95.908
93.997
84.984
88.621
82.192
87.082
96.296
95.758
95.758
97.508
95.671
89.077
99.291
96.709
96.170
95.918
96.572
92.816
95.294
95.645
97.512
96.825
95.548
96.186
97.797
96.930
90.625
86.818
95.181
97.711
90.879
95.057
97.536
94.931
95.146
90.202
92.971
96.429
94.992
96.987
98.618
97.951
97.380
97.701
95.439
96.475
95.902
93.591
93.779
94.190
96.088
97.721
94.316
97.305
97.945
96.443
97.472
96.805
93.519
96.190
95.165
97.538
96.994
94.211
89.254
96.321
96.830
96.346
94.083
96.947
97.321
97.304
97.146
94.905
90.667
96.618
97.837
95.662
95.775
96.537
89.626
91.245
95.322
95.522
94.526
94.665
95.580
90.845
98.714
94.929
96.296
92.282
96.471
94.142
93.728
96.992
96.749
89.195
87.562
79.225
82.941
73.874
85.765
84.536
76.754
90.391
95.246
90.391
94.208
96.703
97.552
90.127
96.140
95.787
98.077
98.058
94.118
98.661
95.930
97.592
96.377
97.115
96.572
97.611
92.274
93.358
84.789
94.467
94.207
98.408
96.732
98.876
93.506
98.438
94.013
92.727
97.257
97.458
94.775
97.944
94.268
89.899
95.580
93.464
95.883
97.326
96.751
95.992
94.545
92.786
95.610
95.361
97.165
98.039
95.927
95.048
95.893
98.077
98.058
94.118
98.661
99.125
98.413
93.694
95.381
96.054
90.844
97.313
93.368
93.714
85.837
96.140
96.480
96.736
96.480
97.701
96.529
94.834
96.948
97.273
97.712
95.812
93.084
79.717
97.826
97.512
97.079
91.142
95.226
96.411
95.763
93.728
97.484
95.238
96.920
75.000
88.793
93.779
95.195
97.500
92.520
89.247
91.562
93.103
86.531
93.103
89.835
97.165
98.261
98.494
96.844
87.978
96.599
94.801
97.287
94.493
97.921
97.156
98.958
97.519
98.864
97.273
95.151
98.745
95.515
95.420
96.020
94.595
96.186
96.312
95.639
95.181
88.704
94.278
97.872
96.434
94.278
97.872
95.098
96.970
95.056
98.268
95.196
94.311
89.133
98.230
98.618
98.667
96.140
95.258
98.485
99.111
97.202
98.675
94.030
98.361
98.022
96.712
92.529
92.143
94.578
90.203
98.099
97.483
97.980
96.644
95.783
96.853
96.693
97.658
96.624
95.781
94.125
89.407
94.920
95.894
94.864
94.534
95.968
97.019
94.648
93.333
96.639
97.163
96.651
96.378
98.592
97.590
96.651
96.378
98.101
96.495
97.436
96.120
94.275
93.538
94.470
97.756
95.858
96.296
97.880
96.917
90.755
97.857
96.502
96.296
97.880
96.917
97.674
90.755
97.857
96.502
95.714
98.337
93.750
96.901
96.569
97.436
95.554
97.244
95.238
96.875
94.419
80.890
93.018
96.739
97.015
89.035
93.204
96.337
95.309
99.187
95.679
97.313
94.628
98.947
97.207
94.587
96.732
97.576
97.714
91.875
97.734
97.876
93.704
96.973
97.727
91.327
92.427
94.118
92.105
97.095
97.826
96.512
97.436
95.307
72.830
97.353
97.523
96.970
95.307
95.400
92.234
97.737
95.918
96.174
98.901
97.546
97.523
94.812
98.072
95.507
93.013
91.574
98.255
92.896
98.344
98.780
90.244
97.170
98.429
90.957
93.348
97.153
96.396
95.198
96.883
96.463
98.930
98.004
94.920
95.894
94.864
96.540
94.534
96.798
85.751
93.103
95.670
92.651
98.261
97.699
95.556
95.765
92.430
97.253
95.936
96.241
95.385
85.641
92.791
96.354
98.168
91.265
97.183
96.541
92.229
96.815
95.992
97.605
96.850
92.229
97.630
98.909
94.161
97.826
97.380
94.982
95.760
95.370
97.297
96.401
97.018
96.805
94.915
92.793
96.667
88.136
90.816
94.649
96.047
95.720
97.509
97.030
93.182
94.821
96.642
95.979
95.905
97.345
97.289
96.335
93.333
96.588
98.276
96.595
90.295
90.845
96.990
95.586
98.780
94.928
92.481
94.737
95.327
97.024
92.233
95.767
95.833
95.897
96.651
94.944
98.519
95.909
92.793
93.137
94.595
96.154
96.651
96.279
93.897
90.217
96.777
95.355
97.176
97.214
97.087
98.000
95.455
97.143
97.400
97.150
95.402
93.838
95.722
97.504
91.525
97.239
77.555
88.235
95.420
96.749
83.333
95.745
97.222
93.931
85.870
82.759
83.333
85.169
83.824
93.617
93.443
96.694
93.188
98.522
96.112
96.720
81.771
97.647
96.073
94.930
80.840
96.542
81.462
96.073
94.930
80.840
96.542
97.375
96.495
97.727
97.375
93.846
96.783
97.297
93.878
99.301
98.148
96.285
97.554
96.769
95.897
97.414
98.125
92.453
95.896
96.528
93.282
94.453
95.567
85.093
96.528
95.148
97.500
98.279
92.776
96.305
95.288
96.126
97.710
95.062
97.881
97.619
97.727
95.736
97.280
94.231
96.429
94.737
96.691
94.956
96.289
98.198
96.255
87.968
97.619
95.971
96.364
94.769
96.377
97.386
96.957
96.063
97.321
89.003
93.033
96.460
89.366
91.905
96.244
97.309
95.560
93.166
95.315
96.230
95.560
97.409
91.722
97.258
97.297
97.235
98.507
95.634
96.041
95.712
99.091
97.667
97.521
96.825
96.981
97.826
95.499
92.739
98.507
95.634
96.041
97.667
98.633
99.608
88.303
98.333
98.276
96.338
97.823
95.543
98.276
97.823
97.599
97.626
93.296
96.694
97.866
81.915
93.416
94.715
96.255
97.222
92.019
94.249
93.007
97.036
97.173
97.143
93.209
96.078
94.718
89.055
96.530
94.911
98.239
96.530
94.911
98.239
95.116
99.340
98.039
94.283
94.096
92.905
97.222
93.277
98.864
87.083
96.407
97.238
96.757
97.360
94.283
94.096
92.905
97.222
93.277
98.864
95.167
98.210
98.087
77.363
87.620
82.116
95.567
75.921
96.296
97.294
95.252
97.807
98.333
95.440
99.213
97.414
97.059
95.524
98.904
95.843
96.825
97.166
92.432
97.241
98.655
95.132
92.953
97.656
96.000
98.333
97.257
97.821
95.833
94.775
95.833
95.501
97.656
91.940
94.608
92.486
96.610
95.299
98.492
97.179
98.089
97.396
89.714
92.683
94.624
97.674
98.192
90.093
95.686
94.539
94.617
95.499
95.013
95.802
96.846
96.491
91.111
94.417
95.509
95.929
99.057
95.779
98.611
97.193
97.276
96.000
95.238
98.639
97.727
98.480
98.438
97.421
96.114
92.045
94.355
96.037
81.433
94.624
96.140
90.909
94.253
97.358
96.535
96.983
96.330
92.702
92.788
91.620
93.578
94.704
97.062
95.434
96.314
96.686
93.750
97.447
96.654
91.739
96.698
94.953
96.254
97.080
86.869
78.931
93.617
89.888
86.740
78.446
78.457
77.000
78.824
96.154
96.930
95.831
96.652
95.254
94.872
97.424
98.168
96.176
97.736
98.185
98.417
85.646
88.916
90.857
85.096
91.243
93.064
98.276
94.211
96.355
95.455
97.971
94.696
94.727
98.315
95.913
95.064
96.825
96.169
98.032
96.071
88.764
96.474
95.455
98.551
88.525
95.354
96.313
96.071
96.985
97.249
95.374
95.495
95.691
97.019
98.282
97.917
95.543
96.759
96.406
87.288
96.616
88.372
98.462
98.601
96.992
98.561
97.436
93.686
97.982
94.611
94.177
97.207
97.792
91.944
92.821
97.250
94.064
95.982
92.308
89.655
93.392
96.552
97.070
98.718
95.496
96.448
96.466
94.348
98.795
96.813
97.959
93.929
94.451
93.897
96.163
96.078
94.862
97.203
98.851
98.119
94.915
94.782
94.872
96.691
96.827
95.463
97.943
96.023
96.742
96.794
97.770
95.141
98.925
97.030
84.979
96.972
96.875
84.848
98.492
98.370
97.233
95.000
95.833
98.344
99.459
97.704
96.387
97.015
98.507
95.909
98.246
97.464
94.791
98.364
97.326
95.851
97.959
97.479
95.851
96.522
98.095
95.436
96.809
97.028
96.768
83.514
89.293
89.157
96.000
93.550
98.210
94.737
97.455
90.598
89.764
96.512
95.988
96.682
96.512
91.566
91.453
98.282
97.166
97.701
99.483
98.452
95.930
97.312
92.448
98.429
93.945
94.124
95.038
98.438
96.642
85.051
97.486
93.133
97.235
98.655
94.495
96.350
98.282
96.012
92.593
97.222
97.852
98.168
96.633
98.538
91.632
94.465
95.661
92.000
91.525
96.732
97.297
97.475
96.644
98.418
99.013
80.755
88.780
93.220
89.189
95.098
97.333
95.567
94.329
96.537
97.708
97.027
97.761
95.294
95.692
96.774
91.685
95.862
90.476
94.309
95.935
94.404
94.007
95.918
99.010
91.824
96.369
90.045
97.094
91.667
98.889
98.889
95.089
94.928
98.492
98.004
94.037
95.455
96.530
96.825
95.726
78.222
90.205
96.732
96.644
92.527
91.429
95.763
94.965
97.664
98.693
97.887
95.549
93.929
89.114
89.964
95.785
96.537
96.359
95.513
89.067
84.375
95.785
96.537
96.359
95.513
98.661
95.070
93.023
96.106
94.304
96.677
95.923
96.933
96.513
98.545
94.927
96.954
97.778
96.933
93.301
98.569
96.513
98.545
96.603
96.069
91.556
90.236
96.069
91.765
98.947
96.603
98.994
99.074
94.828
96.759
98.942
93.920
98.404
90.535
95.369
94.085
96.023
98.005
93.405
95.169
97.222
95.972
95.219
96.850
89.243
84.472
95.343
96.203
95.841
94.944
96.716
97.935
95.771
96.983
95.856
95.781
96.512
89.942
97.147
96.579
98.551
97.257
93.236
96.900
90.076
96.369
90.045
97.094
91.667
96.417
96.302
93.362
95.307
94.548
92.593
93.750
96.088
95.017
94.809
96.610
94.635
98.485
96.484
97.408
98.077
98.485
96.484
96.040
97.796
97.508
92.426
96.040
99.351
96.823
97.222
94.017
98.343
97.953
97.044
97.037
94.903
95.419
98.110
95.516
95.232
95.577
96.341
98.551
97.455
96.104
95.186
95.883
97.110
96.454
97.705
84.848
91.557
94.118
96.697
97.017
96.024
95.439
99.153
96.154
93.561
97.283
96.653
97.472
95.822
99.237
94.059
95.674
98.011
96.822
85.694
93.661
96.414
96.602
97.373
96.032
85.773
93.345
96.864
98.340
95.697
92.157
84.590
95.466
94.444
96.212
95.923
90.791
96.495
77.006
99.130
95.489
89.669
98.095
92.754
98.845
95.426
94.808
87.500
94.444
92.784
96.845
97.857
98.333
95.217
90.881
97.238
97.661
91.753
92.063
96.970
82.659
94.149
93.842
95.778
94.667
97.415
95.652
96.380
94.643
87.273
89.000
95.758
93.907
94.767
96.939
85.879
97.955
96.639
92.760
98.039
95.162
95.480
96.953
89.003
96.780
95.349
96.783
78.670
85.911
93.033
96.460
89.366
94.543
91.176
93.388
98.188
98.082
98.841
98.681
97.031
96.599
92.373
97.826
99.029
97.212
95.286
97.596
97.863
99.216
94.814
94.814
93.147
97.964
99.038
86.923
97.019
94.648
93.333
96.639
96.226
95.775
94.278
98.527
96.111
98.611
97.196
90.854
96.377
97.277
94.955
88.261
96.094
97.692
97.669
93.286
96.530
97.867
93.694
98.561
96.601
95.570
94.003
96.166
94.872
95.781
93.981
97.059
94.424
96.190
96.410
95.161
99.333
97.274
95.257
96.460
98.214
96.774
99.194
85.714
96.101
93.000
96.224
96.754
92.450
93.000
97.569
97.018
93.042
87.576
91.531
94.829
92.697
98.158
96.914
94.780
96.108
94.984
96.639
92.193
95.720
95.089
96.939
93.750
96.168
94.304
96.677
96.064
91.265
94.483
93.103
97.826
95.077
92.791
96.552
85.311
87.903
80.502
96.741
94.828
93.262
94.330
95.122
96.078
95.531
96.279
92.105
96.552
96.818
97.297
97.521
98.246
97.468
97.343
97.603
97.283
94.025
93.624
96.471
98.477
97.059
95.563
96.182
96.905
95.000
95.563
96.098
98.195
96.447
96.375
95.544
96.447
96.375
96.757
95.946
91.218
92.308
97.481
94.718
97.037
93.214
93.092
96.306
97.345
94.640
95.122
89.610
98.619
96.469
95.876
98.246
98.182
93.548
93.130
87.402
94.845
96.774
95.918
96.053
95.725
97.267
94.868
92.672
96.284
93.426
98.480
96.800
95.238
96.744
96.524
95.884
87.692
97.581
97.175
92.322
90.244
80.000
97.101
87.611
92.411
95.172
95.197
96.804
97.217
96.716
96.543
97.143
95.794
94.872
89.865
96.716
96.543
97.143
95.794
94.872
89.865
97.788
94.862
94.389
94.197
92.220
98.185
97.368
94.169
96.223
97.788
97.509
94.564
92.363
97.039
96.591
94.427
97.664
96.128
98.153
97.642
94.071
93.716
98.270
94.196
97.889
95.238
95.522
97.857
95.031
98.246
97.706
96.014
94.160
97.494
95.254
92.727
97.891
98.601
92.116
96.861
98.396
97.541
97.479
92.116
97.768
96.000
97.541
97.479
96.732
97.664
98.660
95.690
96.154
95.690
96.804
97.196
97.736
94.024
98.413
96.625
96.781
97.740
95.652
91.587
94.488
96.181
96.370
95.619
98.089
97.183
95.362
96.262
95.000
95.571
96.977
97.199
98.375
91.781
97.500
97.544
96.154
96.215
98.333
97.030
97.741
97.111
93.735
97.917
94.807
94.812
96.308
94.346
77.551
88.889
76.632
86.667
97.647
96.907
95.279
97.810
89.561
93.897
93.762
96.732
98.063
90.205
98.413
95.195
94.344
98.178
96.408
96.613
95.904
92.375
93.976
97.654
95.009
94.992
96.262
96.696
96.024
98.851
96.627
97.015
88.366
97.001
91.797
94.762
95.957
97.041
95.402
96.689
92.506
95.604
96.667
97.896
97.265
97.388
95.688
89.011
95.154
95.628
94.246
96.856
96.045
91.525
96.639
88.388
93.684
93.684
94.698
97.170
95.408
97.143
96.714
77.080
80.988
96.815
97.896
98.851
96.646
94.704
98.279
97.715
98.318
97.502
97.064
91.313
91.940
94.727
84.929
95.944
97.814
96.497
98.413
93.720
95.095
97.006
96.970
98.328
95.125
85.380
97.802
95.125
85.380
96.269
91.339
89.754
92.609
88.699
83.990
91.322
94.528
91.429
94.975
97.110
97.463
96.512
99.242
94.294
95.840
93.995
96.203
96.919
94.014
94.528
91.429
94.975
97.110
97.463
96.512
99.242
94.294
95.840
98.039
97.082
95.670
98.765
96.239
97.233
98.919
96.253
95.956
97.291
98.457
96.657
93.048
98.519
94.444
97.872
94.541
94.824
81.928
81.928
81.373
97.287
96.499
97.436
94.330
96.237
97.949
86.275
96.140
99.242
95.822
94.954
95.480
96.096
95.349
95.690
94.065
97.128
95.204
95.283
94.540
97.727
88.317
97.507
98.515
95.326
97.653
97.959
98.744
97.238
97.900
95.429
97.942
93.262
95.253
87.457
95.939
98.471
94.245
97.500
90.273
90.278
98.122
97.162
94.656
95.215
96.815
86.228
97.470
97.378
93.902
93.421
94.077
97.270
97.059
95.733
91.878
93.798
96.622
92.273
98.188
94.667
91.667
97.320
83.805
97.143
95.992
96.037
95.722
96.763
98.009
96.869
96.396
95.844
95.370
98.095
97.681
93.764
98.457
98.571
95.238
97.536
98.925
92.562
96.535
98.498
95.283
97.727
98.498
97.976
98.653
95.105
96.907
98.750
92.821
97.810
97.391
94.561
91.549
97.590
96.013
97.503
95.775
93.600
90.736
95.871
97.241
90.288
78.667
78.667
97.955
96.069
97.820
94.118
95.089
87.759
95.789
85.417
93.864
97.321
97.772
96.296
97.642
97.764
98.516
97.674
97.561
96.142
98.171
98.292
96.880
96.524
93.578
93.836
93.137
96.983
97.596
96.785
95.320
96.857
96.705
97.674
98.246
96.776
96.546
96.705
97.238
95.913
97.236
92.548
91.626
89.189
95.098
97.333
95.567
89.227
84.286
96.471
97.079
95.775
97.814
96.787
95.876
95.876
90.361
93.884
98.246
93.884
98.246
94.565
93.553
95.161
96.939
96.379
93.732
89.948
96.575
95.455
99.583
97.619
95.455
96.880
93.487
96.880
95.312
97.520
85.185
96.488
95.575
97.821
95.312
90.135
94.366
86.720
91.927
89.815
90.545
97.345
96.629
94.872
98.718
83.042
90.378
96.610
93.261
95.491
97.927
93.617
92.623
95.794
96.104
86.563
91.286
76.580
88.608
95.558
86.081
78.929
97.518
95.539
95.960
94.157
96.572
93.897
97.375
99.642
94.485
96.104
97.548
97.191
95.975
96.330
92.695
94.495
90.037
97.233
94.495
96.552
95.719
95.135
91.414
97.531
97.441
96.939
95.167
95.167
96.833
94.340
93.805
97.799
95.652
96.301
95.855
97.799
95.652
90.863
96.812
97.288
94.595
97.513
98.990
99.550
97.273
99.023
98.623
91.317
95.059
93.277
96.948
96.512
97.347
95.072
89.967
91.787
96.622
94.970
94.093
95.321
98.450
96.296
98.611
94.194
96.089
96.466
92.090
96.484
96.630
95.808
96.774
93.750
90.955
96.825
98.039
96.516
98.283
98.246
93.281
98.084
94.608
94.224
96.708
98.502
97.515
95.000
93.841
74.463
96.864
94.071
96.264
97.595
94.855
99.015
98.171
89.073
86.562
93.973
77.449
92.271
98.246
95.588
93.709
95.214
93.478
94.381
95.502
94.613
96.328
98.204
97.510
96.354
96.964
96.208
97.403
95.302
96.000
97.840
96.493
98.438
96.096
95.349
95.690
94.065
97.128
95.204
95.283
94.577
97.665
97.354
97.193
98.634
96.926
96.787
97.696
94.203
98.214
96.875
97.087
95.522
91.089
98.677
95.850
96.429
97.027
97.500
92.848
98.739
97.701
95.850
96.429
97.027
97.500
97.753
91.262
96.119
96.918
97.503
96.766
95.797
96.257
94.903
85.976
96.510
94.735
98.790
98.786
90.739
94.177
97.720
98.113
96.806
94.737
97.171
95.816
95.192
97.547
98.058
99.115
97.619
89.254
96.321
96.830
97.708
96.232
98.489
98.187
81.707
94.715
95.089
97.143
97.984
98.060
94.335
98.450
98.889
95.881
97.941
96.466
92.877
88.948
97.252
96.311
98.122
97.257
97.477
98.556
88.750
97.722
97.170
96.694
96.204
98.012
96.296
97.030
93.182
91.089
95.688
94.828
97.912
89.032
97.925
96.878
96.499
93.976
96.095
97.455
98.708
97.068
96.934
95.572
94.355
94.444
96.032
97.373
96.602
96.697
93.490
98.684
95.960
96.098
94.309
94.000
98.333
96.855
98.141
96.667
96.182
96.905
95.000
91.282
88.073
88.772
85.388
98.667
97.322
96.341
96.502
97.158
93.980
97.151
97.436
94.634
91.250
96.384
94.896
88.652
97.391
91.667
90.931
92.067
94.690
93.694
95.177
99.367
86.034
98.814
85.714
97.364
98.810
96.907
96.308
95.469
97.619
96.308
95.469
97.619
91.682
96.543
98.148
97.128
97.974
95.229
99.231
95.306
95.858
95.763
97.443
98.450
94.160
96.471
98.496
97.708
95.531
82.082
97.497
90.278
98.434
99.552
97.037
96.958
96.091
94.714
95.282
96.284
93.426
98.480
96.800
94.868
94.286
97.933
96.396
96.061
97.887
92.115
95.610
92.403
97.077
97.338
89.091
89.091
95.833
94.595
98.198
99.353
99.029
97.500
97.240
95.482
96.210
94.483
94.762
96.541
96.536
78.802
89.907
87.903
95.132
96.595
96.595
96.335
96.243
92.991
94.337
94.118
92.118
97.115
91.418
97.034
97.713
97.619
95.758
98.039
95.594
93.409
97.516
96.591
95.594
93.409
97.516
94.718
96.488
97.712
91.878
98.450
95.642
93.519
94.970
96.768
97.968
98.214
96.203
91.985
96.158
95.000
98.020
98.176
96.333
95.697
98.507
94.426
96.721
90.621
96.567
97.309
96.899
98.155
96.891
94.236
95.800
97.819
85.210
90.062
90.278
98.374
96.834
97.669
95.406
95.325
94.103
97.436
96.575
97.464
95.853
95.000
95.773
97.263
96.575
97.464
95.793
94.126
94.745
88.699
87.034
92.450
88.125
92.135
94.690
95.205
98.324
98.624
96.084
93.021
97.315
94.737
94.602
94.186
92.415
97.924
98.980
94.393
94.498
97.524
95.828
97.899
93.146
96.984
97.525
89.628
98.264
98.264
96.781
98.814
96.024
96.452
98.009
96.440
94.310
96.893
97.597
98.246
95.402
97.647
96.907
89.865
95.263
88.732
96.838
96.970
96.317
97.968
95.455
98.615
96.683
95.773
98.519
96.098
96.203
95.455
83.421
98.095
96.091
97.163
95.333
91.594
96.043
94.859
96.641
90.130
96.140
94.940
95.818
95.326
97.773
94.737
95.966
96.009
98.708
98.708
98.933
97.521
96.215
95.214
98.350
96.429
96.248
96.199
93.496
84.460
98.013
93.913
91.304
97.076
99.160
98.273
97.122
96.296
89.731
86.963
98.450
98.889
95.929
91.716
80.899
93.766
91.464
94.098
95.714
93.375
95.690
95.315
95.575
96.226
88.679
85.714
86.783
93.012
93.750
96.429
96.066
95.437
98.028
97.959
96.154
98.182
95.016
91.935
92.647
95.642
94.382
95.918
97.273
95.455
98.171
98.182
96.529
94.834
98.138
97.585
97.242
97.007
96.931
96.552
97.064
78.369
96.689
96.798
83.111
88.278
96.631
91.759
96.094
95.527
94.842
95.833
95.895
94.196
94.964
91.200
95.779
96.238
93.298
97.959
98.333
97.390
93.360
96.739
94.161
97.046
98.667
97.254
92.308
87.874
95.885
95.918
97.321
95.459
86.441
95.896
96.797
93.902
96.943
96.222
94.402
96.935
90.075
96.132
94.463
93.922
96.774
95.262
96.916
94.688
97.159
98.529
96.391
97.585
96.104
93.005
94.714
86.813
90.639
93.078
94.714
87.136
95.149
96.217
92.241
93.793
92.308
92.225
92.576
92.363
96.263
92.308
98.023
97.442
97.498
94.928
96.578
95.299
96.610
87.794
96.905
98.611
97.652
95.993
98.333
97.363
96.951
90.533
90.909
87.931
92.097
96.481
88.596
96.277
95.731
96.277
95.731
93.687
97.541
91.729
94.662
98.016
97.312
97.503
98.016
95.639
94.450
96.970
97.176
95.378
98.551
92.424
96.500
96.255
97.778
98.301
95.115
95.556
97.764
96.923
97.667
96.425
94.726
96.715
94.160
96.471
96.482
98.230
96.992
97.101
99.265
97.101
99.265
97.324
98.013
86.842
98.020
98.561
95.238
93.846
95.833
97.538
93.362
96.887
97.061
94.850
91.199
91.956
92.000
97.447
95.215
97.561
94.718
96.488
97.712
96.112
96.720
97.708
96.486
94.086
96.234
97.093
93.403
96.903
96.096
96.494
97.315
96.497
95.584
97.495
98.718
97.495
96.429
98.710
95.575
96.429
97.255
98.473
96.847
97.938
95.717
97.938
97.105
93.304
87.037
95.946
95.833
97.568
92.568
95.937
96.610
93.261
95.491
97.927
94.690
97.452
97.315
94.758
94.948
93.419
94.538
97.026
92.357
91.935
85.714
93.827
97.785
96.410
97.191
84.182
96.751
98.013
97.849
98.378
88.971
91.094
91.071
94.817
97.174
97.222
97.233
98.323
95.799
97.345
96.644
98.418
95.513
97.599
99.291
96.459
95.078
98.799
95.078
98.799
98.263
96.111
90.813
85.106
98.268
92.356
95.758
94.969
97.312
97.024
97.068
98.214
95.822
89.453
92.758
98.283
92.822
95.709
97.630
98.344
98.118
96.477
96.000
95.006
90.712
93.526
89.051
94.840
95.610
98.022
98.022
95.715
97.826
96.252
93.776
94.495
95.906
94.980
97.093
96.552
96.407
97.222
97.468
97.468
96.500
93.109
96.780
97.436
95.516
79.646
95.663
94.455
97.753
95.665
97.002
94.737
96.352
95.043
96.601
95.865
99.497
96.066
98.333
97.740
94.326
93.243
97.740
93.582
98.000
92.883
95.600
94.831
94.872
97.345
97.765
93.236
96.099
90.476
98.750
92.950
93.198
96.247
97.500
96.247
97.500
95.696
97.436
96.842
97.837
97.942
96.545
94.156
91.086
97.122
96.540
93.361
97.098
97.050
98.111
89.820
97.253
98.020
92.857
93.182
96.350
83.822
92.375
94.378
94.794
95.398
95.506
92.075
93.155
95.175
96.891
96.517
92.453
97.031
93.229
97.879
93.333
98.027
98.174
96.522
94.486
94.465
95.661
92.000
94.611
96.383
97.240
95.876
94.177
95.690
98.630
96.545
95.198
96.067
96.857
88.636
96.978
94.408
97.069
90.364
98.095
96.667
96.956
97.462
98.165
98.086
97.761
90.762
95.217
97.768
96.287
87.310
93.002
88.000
87.166
85.629
87.850
86.631
94.444
95.181
96.629
96.927
96.601
96.774
90.606
97.126
93.697
90.606
98.050
96.204
95.833
98.292
96.368
92.632
95.982
88.687
85.775
97.076
96.496
97.205
96.895
93.793
95.604
82.877
94.599
88.446
92.391
97.690
96.748
97.049
96.537
98.675
96.831
98.754
95.420
92.409
95.897
97.030
95.946
95.177
99.259
97.990
98.454
94.527
97.101
98.519
95.527
96.355
94.476
97.156
96.377
96.512
92.623
98.394
87.430
91.287
95.315
91.765
95.198
98.285
95.294
99.148
95.624
94.907
96.745
92.857
93.333
95.607
91.327
95.946
94.864
95.977
96.044
95.894
98.973
95.000
95.912
97.248
92.711
97.876
96.559
97.130
97.984
94.382
96.569
97.436
96.875
97.189
95.708
95.472
97.191
94.924
98.103
98.436
98.103
97.561
94.839
97.297
97.028
95.902
94.881
99.015
93.622
96.449
97.727
93.333
96.588
98.276
88.724
93.561
97.686
95.833
96.203
94.928
96.094
98.068
97.078
94.419
99.020
89.474
96.774
90.909
99.107
96.226
98.824
97.623
98.077
98.140
93.411
98.571
75.385
81.279
80.301
75.274
92.574
97.663
97.730
95.697
96.460
97.576
96.337
88.633
95.357
95.356
96.395
97.990
91.791
96.985
95.987
94.841
96.183
98.456
96.724
94.531
94.211
96.336
95.699
97.211
96.757
97.468
91.384
94.363
96.407
88.732
96.129
96.878
98.936
89.655
95.868
96.667
88.127
96.454
98.399
95.700
95.806
95.729
94.309
81.044
75.804
92.131
98.133
96.056
99.543
98.188
93.831
97.414
92.554
95.247
93.198
93.750
97.193
97.115
91.080
95.686
95.851
96.029
95.215
97.348
97.059
99.301
96.107
93.119
92.308
94.030
97.778
97.921
98.017
95.455
96.491
96.923
95.758
95.016
94.663
94.508
92.708
96.972
96.875
94.026
94.476
92.887
93.443
98.000
98.000
92.231
97.287
95.671
97.253
97.869
96.493
97.778
95.000
95.149
96.217
92.241
93.793
92.308
95.751
96.335
96.243
92.991
94.337
94.024
97.837
95.662
95.775
95.243
96.875
97.080
95.723
95.312
96.963
90.385
94.091
97.059
96.089
98.876
94.983
97.257
93.236
96.900
90.076
94.162
93.333
85.906
96.973
97.094
96.260
94.505
96.929
93.017
97.692
94.937
94.845
98.413
96.364
95.851
95.758
94.026
98.148
96.678
94.615
94.631
96.011
97.272
96.000
75.606
92.194
94.867
94.944
96.460
93.064
94.293
76.744
97.474
91.701
94.070
96.578
94.643
92.426
97.740
97.468
97.286
84.936
96.657
95.845
97.872
97.518
94.852
94.771
92.525
97.812
96.404
96.131
95.935
90.373
93.500
94.444
92.830
95.740
98.315
98.660
86.905
98.529
94.587
96.732
97.026
97.059
95.695
96.053
97.647
95.460
96.416
93.814
96.991
95.522
93.035
93.467
87.263
98.077
96.226
98.167
97.403
96.875
93.458
94.872
94.363
95.169
97.670
99.134
96.617
94.737
95.511
91.132
97.521
97.333
97.086
91.216
97.086
96.264
96.530
97.638
96.191
93.421
97.537
93.669
97.148
98.670
96.252
96.755
96.904
91.701
97.826
98.883
93.258
99.595
98.333
95.974
94.828
93.029
92.917
96.957
97.934
94.737
96.958
97.015
97.387
99.351
81.224
86.340
91.525
92.336
84.346
96.136
98.889
92.070
97.360
95.923
95.833
97.917
89.837
91.463
98.844
95.960
96.118
97.183
96.330
97.183
96.275
97.641
98.387
97.125
88.768
96.464
95.413
94.557
88.451
96.774
97.468
97.159
81.106
98.352
96.178
94.304
90.541
96.377
97.277
86.130
97.872
87.703
80.140
97.510
93.333
97.917
91.858
90.244
95.094
98.319
94.769
96.429
98.667
97.626
97.936
99.275
96.651
95.127
97.705
91.557
94.118
91.867
96.591
96.592
95.666
97.044
85.635
96.305
98.337
96.872
99.153
97.228
96.764
94.314
97.584
98.883
93.258
84.389
98.969
92.857
95.455
85.408
96.918
96.241
95.619
97.115
91.361
96.584
94.444
96.923
98.020
98.230
98.069
97.204
87.660
97.034
98.589
98.589
92.527
91.892
86.068
84.326
96.990
94.359
89.451
91.429
98.026
96.045
99.535
94.536
97.146
96.045
97.146
98.099
98.218
95.811
84.746
96.644
97.452
96.813
98.039
88.189
87.841
97.426
98.936
90.000
98.369
98.851
96.923
98.077
98.121
97.260
94.186
94.943
98.249
96.021
98.225
99.459
95.806
97.753
95.000
95.437
79.791
90.625
97.933
95.413
94.495
98.227
97.750
95.610
96.337
97.320
83.805
93.939
96.296
97.895
96.181
96.296
94.080
93.971
97.003
97.959
98.435
90.037
97.701
97.661
97.661
94.737
97.080
98.268
98.051
90.976
97.717
96.970
97.035
92.099
94.749
94.004
94.004
98.012
98.387
96.930
95.941
94.231
96.947
96.800
96.134
98.442
96.212
95.833
98.162
96.499
97.858
91.818
85.260
96.325
89.474
94.944
96.429
93.431
90.965
99.291
89.583
96.925
97.406
97.982
97.824
97.175
95.425
96.894
96.950
97.288
98.630
97.711
97.016
95.367
97.561
95.194
97.094
98.225
98.113
97.458
92.569
79.911
83.226
86.580
82.857
79.835
85.309
78.361
75.758
85.309
78.361
75.758
96.496
96.061
95.937
96.203
97.409
96.847
95.758
93.907
94.767
79.643
92.121
97.101
98.408
90.621
96.567
97.954
96.087
96.184
96.936
97.385
98.276
94.545
97.106
97.863
95.926
96.577
95.906
94.012
97.692
94.778
98.305
97.778
97.229
97.647
95.000
98.056
94.242
97.589
94.371
98.095
94.548
97.059
96.863
95.540
98.142
86.131
98.710
95.575
96.486
96.145
95.048
95.695
94.143
95.763
96.486
96.145
98.089
91.727
96.231
97.122
96.970
99.301
98.201
93.407
94.670
96.529
97.419
96.456
99.022
95.604
98.165
95.439
96.367
95.439
92.359
92.182
94.611
82.517
95.662
95.775
93.830
96.199
96.920
93.427
84.635
96.279
94.118
96.224
96.370
88.889
78.947
97.633
97.244
98.819
95.775
98.930
89.911
98.148
98.671
95.276
95.918
82.081
97.665
94.577
95.936
93.917
94.314
96.395
97.990
91.791
95.047
97.077
97.338
97.265
96.273
98.015
98.473
98.015
97.458
98.546
95.192
96.042
96.437
93.182
97.039
95.706
95.111
96.743
96.411
96.071
93.388
98.507
91.080
96.454
97.608
97.033
93.789
95.702
96.266
95.795
96.421
84.940
97.166
97.202
99.111
92.606
95.518
96.140
95.892
97.368
97.856
97.183
91.656
90.976
97.225
95.376
96.716
95.263
96.018
95.921
95.139
95.780
96.875
95.395
95.276
96.923
96.884
98.077
96.142
93.873
94.683
88.369
94.720
98.223
97.668
97.667
94.876
97.720
95.751
88.294
94.606
97.447
98.396
91.919
84.211
95.208
94.521
98.095
95.197
96.804
97.217
95.577
95.395
98.268
84.974
96.966
93.333
95.745
98.032
97.154
96.928
96.169
96.670
98.551
97.667
96.601
97.349
97.241
98.726
97.248
97.692
97.561
96.698
97.938
97.642
94.071
98.507
96.444
96.667
96.199
92.683
97.338
98.010
96.683
86.290
98.893
89.694
94.444
95.426
94.808
87.500
93.285
96.012
92.593
98.282
96.350
94.667
95.277
95.291
97.670
95.594
96.683
94.624
96.331
95.533
96.337
94.407
96.909
85.993
82.486
83.594
90.090
86.792
86.735
97.587
97.521
94.953
95.215
90.196
98.131
93.972
98.039
96.252
98.131
93.972
98.039
88.462
95.858
95.876
95.870
98.611
95.870
98.611
98.273
97.683
96.970
92.479
93.812
97.238
91.358
96.456
95.007
94.291
93.421
97.843
96.013
96.984
97.342
99.187
96.258
99.029
98.387
98.246
97.497
98.485
95.925
98.301
93.559
97.595
97.257
97.257
97.938
91.440
89.568
87.902
99.225
98.883
91.731
98.039
97.405
95.644
94.563
98.131
84.980
82.353
95.817
98.701
97.393
97.740
90.278
97.757
97.333
94.253
98.739
97.865
98.454
96.815
97.798
97.758
96.721
95.026
91.262
95.565
96.863
96.797
97.738
96.154
91.331
96.000
96.679
97.004
97.026
97.015
94.915
93.605
84.346
96.536
98.148
97.512
97.222
94.213
96.391
96.000
96.441
96.875
97.087
97.288
90.534
96.517
93.396
96.560
95.918
95.910
89.617
98.936
97.312
95.758
94.969
87.859
97.849
95.303
96.667
95.016
93.929
96.933
95.252
96.815
86.149
96.815
95.758
97.321
98.249
97.087
97.342
95.564
97.597
98.246
96.755
95.571
97.204
97.375
95.333
97.375
91.429
96.203
95.529
98.616
97.441
96.939
95.719
89.364
93.478
88.235
97.546
96.203
96.857
97.802
98.237
96.203
96.857
97.802
98.237
98.596
90.541
96.610
97.619
97.226
97.318
97.653
97.959
96.991
96.309
95.627
93.780
96.863
94.402
96.739
99.296
98.639
92.896
98.152
96.341
97.354
92.593
97.213
97.392
97.076
92.885
95.875
97.876
93.023
97.095
93.514
98.148
98.235
97.508
94.087
95.833
95.497
98.354
95.540
89.785
95.357
86.250
95.551
97.917
96.599
95.084
98.263
96.111
98.259
96.541
92.157
96.645
93.182
92.299
96.321
96.485
95.603
96.702
97.315
96.694
90.774
96.863
96.937
93.798
97.183
94.020
96.000
97.079
97.727
96.581
97.409
96.955
95.238
97.101
97.799
95.417
95.141
97.817
97.187
96.296
96.757
98.010
98.246
98.997
97.507
97.039
96.552
94.545
97.076
98.230
90.169
90.816
95.034
96.429
92.961
98.276
97.354
97.163
94.645
97.680
96.795
93.503
92.053
92.935
97.495
96.532
94.118
94.839
97.297
97.028
96.364
95.344
93.939
95.154
96.610
95.017
97.015
98.540
97.115
93.698
97.561
96.231
93.956
94.907
94.318
91.064
88.085
95.726
95.726
95.535
93.964
95.489
96.484
94.086
93.111
95.400
94.971
99.231
95.306
95.858
97.436
96.621
96.257
96.257
96.383
97.196
89.846
97.895
97.796
97.761
88.091
97.497
95.238
95.522
97.857
99.237
96.440
95.833
95.876
91.988
94.881
94.472
97.778
95.122
97.716
95.111
95.116
97.333
96.066
95.994
97.175
95.436
96.117
92.082
95.146
97.899
87.149
99.252
98.291
97.712
98.333
95.726
98.671
98.936
95.577
96.188
97.416
90.859
96.534
94.831
83.732
87.368
97.917
95.918
86.297
92.585
94.451
94.853
94.841
94.805
92.381
86.297
92.585
95.238
96.270
96.341
89.189
98.225
92.308
95.364
97.281
92.169
98.394
93.750
97.778
97.778
95.556
97.765
96.410
98.462
96.953
96.970
96.320
98.182
96.842
93.960
97.166
95.973
97.418
96.316
96.512
97.222
98.246
98.844
97.115
98.844
95.161
98.918
95.062
97.645
94.245
92.344
96.178
88.128
95.652
95.930
96.719
94.832
97.692
94.778
95.652
95.960
99.507
98.261
96.791
86.024
84.170
93.084
88.718
81.643
95.070
98.118
95.469
98.356
98.049
77.941
96.352
96.927
95.604
98.077
97.125
96.943
97.403
98.020
93.506
97.849
86.902
94.690
96.347
94.212
95.890
94.681
92.708
88.091
98.246
95.041
99.533
95.966
97.283
96.454
98.319
98.319
94.591
95.455
97.585
95.455
95.652
90.202
93.674
97.659
97.024
97.546
97.017
97.837
98.030
98.876
97.021
97.619
94.118
87.887
96.341
97.393
92.517
92.500
96.315
94.471
94.800
96.850
92.466
97.749
97.236
97.980
95.798
95.009
85.396
97.411
97.143
92.994
92.994
96.206
97.892
99.278
89.605
83.788
79.796
77.535
87.737
81.184
78.679
76.667
94.203
96.375
94.444
96.035
93.794
93.885
96.782
96.782
97.595
96.927
95.463
94.684
93.299
97.588
96.937
94.325
86.087
80.952
89.670
97.951
93.414
95.964
97.391
95.529
96.945
96.183
94.260
96.739
99.163
98.081
82.996
82.565
84.211
97.930
97.297
96.585
87.703
96.420
94.161
95.126
97.674
98.179
99.550
93.922
85.751
97.031
87.692
97.561
97.561
95.758
96.707
95.455
96.241
98.400
95.982
98.171
98.171
94.206
96.512
96.257
96.581
95.559
96.835
96.744
97.094
93.583
90.104
95.031
99.057
95.806
90.426
98.456
97.414
95.247
96.644
98.246
97.019
94.762
99.359
93.536
97.368
95.427
95.094
97.227
97.079
91.525
97.455
90.169
96.442
95.556
96.241
98.462
96.970
94.264
96.438
93.375
97.679
98.049
94.527
90.226
95.934
96.622
96.364
95.775
96.076
91.089
97.738
99.099
95.652
97.079
95.775
94.554
91.925
94.084
96.988
96.752
98.611
93.864
94.605
97.984
98.925
96.447
96.384
91.250
97.682
93.598
92.437
98.554
97.674
96.222
90.604
93.277
97.313
94.969
97.561
94.565
94.845
97.379
95.126
94.483
96.190
96.573
96.282
95.896
96.063
93.951
97.641
97.778
98.058
95.015
89.937
95.418
98.529
95.685
97.612
94.656
96.772
96.710
97.778
96.318
95.177
97.980
95.954
96.386
94.842
96.154
94.245
93.443
87.457
95.253
96.350
95.806
92.683
95.817
98.298
96.795
96.026
97.872
93.198
96.203
95.343
95.644
87.088
93.590
97.256
95.954
96.735
95.712
96.063
94.210
98.387
97.934
94.891
96.087
94.210
98.387
98.492
91.964
95.842
94.681
91.579
92.208
95.089
92.179
94.508
96.698
92.857
95.455
96.264
96.530
93.827
98.947
94.419
99.020
93.228
96.193
92.609
97.073
97.403
93.696
96.328
92.130
93.274
96.024
89.050
88.764
89.796
88.202
97.024
97.024
95.489
94.068
97.183
87.179
97.363
97.175
98.444
95.181
88.704
95.474
97.143
93.891
97.082
97.742
96.610
94.845
95.521
94.574
94.041
95.413
98.938
99.187
94.643
94.207
90.879
95.376
95.975
94.937
94.872
96.131
92.683
98.260
97.493
97.872
91.463
98.246
97.020
96.787
96.429
96.248
97.518
96.119
96.602
98.208
98.208
94.249
97.696
97.917
97.151
97.973
98.276
98.281
97.957
98.431
84.419
95.918
96.023
96.442
96.442
90.885
96.296
93.694
87.831
95.987
98.616
88.318
96.403
94.676
97.351
94.183
87.226
95.522
95.470
82.296
84.984
94.404
94.152
91.047
95.904
95.510
97.333
99.291
96.101
95.652
92.032
89.077
99.000
96.894
96.044
97.345
96.629
97.737
96.552
98.168
98.143
96.711
97.959
96.581
98.148
98.442
98.621
82.989
97.500
96.109
92.169
98.394
95.007
97.116
97.976
92.683
95.726
95.238
96.895
95.556
96.296
97.080
98.106
97.951
96.581
96.425
94.700
97.589
90.289
97.667
90.289
97.667
97.064
97.971
98.378
97.864
95.921
96.442
93.132
93.939
94.667
94.671
97.000
99.008
98.210
97.578
95.349
97.736
99.537
95.985
92.864
90.617
97.778
97.711
97.016
97.333
96.356
83.067
96.356
84.302
99.265
99.265
96.013
96.984
98.000
93.651
96.377
97.153
98.077
98.198
97.032
94.548
92.593
94.729
97.264
96.471
97.845
95.795
96.154
97.778
98.913
95.501
97.656
91.940
95.679
97.436
98.524
92.908
95.388
95.588
92.928
96.083
94.524
98.601
98.947
96.154
98.276
95.181
97.007
98.837
95.238
97.159
98.163
95.000
98.020
99.160
95.187
98.130
97.243
98.130
97.243
95.862
96.078
96.685
97.571
93.534
96.875
98.675
98.582
95.268
94.919
97.244
95.690
96.815
98.540
96.111
97.403
95.161
96.208
93.674
93.371
92.373
94.779
93.374
97.315
96.694
95.279
98.246
95.833
98.074
98.661
95.070
98.601
98.462
94.828
98.084
97.753
95.271
96.382
95.801
96.774
93.232
95.640
96.175
96.996
97.647
97.647
89.762
96.438
96.218
95.787
94.235
93.034
96.522
95.161
93.285
99.242
94.694
95.041
96.594
87.698
96.443
96.178
96.296
95.082
95.277
97.133
96.476
97.025
84.332
97.015
96.440
96.429
94.475
97.500
94.645
97.680
89.916
93.598
92.437
96.445
90.060
94.754
96.445
95.694
94.774
85.049
96.038
95.282
96.066
97.378
98.413
95.232
96.018
94.583
95.848
98.529
93.264
97.681
98.095
93.846
93.381
94.972
98.621
92.231
96.624
98.686
98.384
98.469
98.167
97.826
98.023
99.281
96.841
93.688
94.904
93.007
95.588
97.798
97.758
87.379
83.265
96.108
96.074
94.457
97.059
94.543
96.257
96.581
96.512
90.385
97.973
96.139
95.303
96.667
96.333
98.202
97.232
95.290
98.824
97.477
97.213
99.115
95.758
96.875
97.546
87.216
97.255
97.959
94.823
89.044
94.444
88.928
95.760
96.244
96.354
90.227
95.906
96.263
92.308
98.023
98.077
92.970
97.706
97.266
95.935
98.058
97.842
96.631
96.647
94.872
96.903
99.703
96.748
77.042
94.954
83.704
85.366
79.452
87.054
96.875
93.839
95.135
94.451
96.996
93.607
97.872
97.681
95.960
96.780
95.763
95.592
96.129
98.824
95.567
98.283
96.607
94.444
96.548
97.403
93.399
94.601
94.407
80.380
97.568
96.081
93.776
97.297
95.393
97.444
98.039
94.984
98.790
93.431
86.037
93.878
97.849
96.010
97.942
98.953
95.812
96.115
96.875
96.552
95.395
96.717
95.849
92.593
96.220
95.318
95.139
97.236
96.813
95.628
97.368
95.726
94.262
87.742
93.252
95.390
94.280
97.628
96.154
97.908
97.447
97.600
96.950
95.455
95.444
91.892
96.875
98.880
93.504
95.760
95.642
96.444
97.452
96.465
94.878
97.305
96.809
95.665
98.413
96.286
96.782
98.551
94.931
95.513
97.107
96.244
99.000
96.408
93.567
87.671
97.670
87.755
90.088
96.907
92.675
91.209
87.342
94.304
98.802
93.921
91.899
93.605
91.341
94.909
92.670
97.829
99.669
96.404
97.472
93.491
98.582
94.891
97.802
91.304
91.429
97.297
95.810
98.901
96.019
94.944
96.037
81.433
93.694
96.126
90.598
96.386
94.027
97.854
94.595
93.038
97.938
92.551
87.427
95.628
95.882
89.243
92.541
96.947
96.744
97.898
98.889
92.070
97.360
95.923
94.286
93.966
96.447
96.698
96.995
94.342
97.942
96.915
95.238
95.167
97.732
93.557
96.296
98.467
96.991
90.558
97.485
95.882
96.296
98.889
97.222
90.349
97.727
98.162
94.382
96.508
97.362
97.819
92.950
93.577
86.034
98.706
98.205
91.845
97.500
97.400
94.862
97.741
98.077
98.148
97.508
95.070
95.017
96.477
95.261
94.779
94.554
94.928
96.622
93.301
95.028
97.425
90.270
96.951
97.070
95.276
96.980
98.723
92.609
92.035
88.303
94.065
96.748
96.246
95.673
96.615
96.128
96.468
93.622
98.864
94.298
96.209
97.598
95.556
95.477
94.629
97.274
94.444
97.087
96.410
98.636
95.495
94.495
95.495
98.182
96.269
91.483
98.025
89.779
94.640
97.512
97.816
96.907
97.021
97.396
96.689
96.504
96.398
93.362
96.848
98.084
97.847
97.101
96.484
78.652
80.769
93.018
99.242
88.632
97.037
94.840
97.273
86.869
96.522
97.126
89.098
93.985
94.212
83.619
90.783
98.165
90.159
96.498
94.094
95.000
97.526
97.384
98.039
97.450
96.812
94.286
97.561
99.010
93.970
96.662
96.744
95.901
97.044
99.351
97.374
97.107
97.983
98.276
97.576
98.285
96.433
97.427
96.415
98.299
88.177
96.069
96.412
96.812
97.360
98.142
97.365
96.154
93.210
95.984
96.887
98.551
99.123
93.846
94.864
95.260
87.230
99.342
98.259
99.216
94.416
94.961
97.122
96.296
82.099
98.148
97.567
96.858
86.713
96.616
96.025
98.175
98.077
98.400
96.884
96.923
89.949
96.212
96.805
89.908
96.540
92.222
96.947
97.321
96.992
96.341
97.750
95.638
95.652
97.548
99.015
98.376
98.125
96.244
93.548
97.068
98.718
91.781
92.857
95.901
98.305
95.644
96.846
97.910
94.987
96.786
95.115
96.522
93.226
97.619
91.630
94.631
96.011
95.095
94.992
96.987
98.618
97.951
97.380
97.701
76.190
87.952
96.024
76.337
86.420
94.091
89.394
93.662
95.767
98.947
97.573
84.530
97.368
97.215
96.535
96.111
94.853
97.685
87.097
82.810
95.515
94.514
96.703
97.520
96.711
99.038
97.964
97.148
96.967
97.458
98.261
95.840
96.162
95.495
97.238
97.900
95.429
90.762
85.616
95.984
95.882
95.918
97.865
96.101
95.781
88.112
94.512
96.518
91.215
97.093
94.251
92.941
97.573
85.739
95.094
98.319
95.367
97.279
94.253
96.254
98.399
96.888
98.165
97.468
97.761
95.294
97.467
97.111
96.491
95.506
95.833
94.118
87.179
86.753
95.807
96.565
97.872
97.471
99.061
97.802
95.956
94.595
91.379
92.035
97.486
95.984
95.294
91.313
95.761
97.849
94.131
90.160
97.744
93.750
97.159
94.943
88.235
90.763
93.396
93.103
89.514
98.148
96.567
96.567
96.188
99.123
96.784
91.586
98.824
96.477
95.261
97.938
96.947
99.091
98.522
97.121
92.718
96.494
96.096
92.835
96.591
94.086
95.907
97.390
97.248
94.118
97.314
94.949
95.645
88.399
95.800
94.792
96.842
96.818
95.800
95.072
92.683
81.579
93.007
97.143
92.737
91.790
90.561
93.567
96.124
96.581
98.000
90.789
96.026
97.143
96.121
97.368
95.943
97.215
90.378
95.532
89.450
94.017
98.844
96.739
97.674
95.198
96.040
92.426
96.842
81.213
95.669
93.892
98.585
98.795
97.458
99.203
96.591
94.366
98.060
94.922
96.537
95.184
94.142
94.177
95.722
96.781
95.722
96.774
96.466
93.711
97.853
98.913
97.070
96.085
96.850
97.633
94.318
95.406
96.995
96.966
91.016
96.366
88.298
93.777
92.683
98.599
92.612
95.393
92.612
95.393
93.496
97.222
96.462
94.805
94.531
94.211
94.042
87.662
96.210
98.271
98.125
84.638
98.889
92.973
95.376
98.493
94.690
96.262
88.369
94.720
95.111
77.120
91.071
95.989
96.811
93.148
82.609
97.872
95.948
96.211
95.946
98.315
96.757
98.118
98.453
97.350
97.170
95.393
96.701
92.525
97.436
97.436
80.000
90.476
89.081
96.309
96.396
97.790
97.692
96.154
96.591
92.992
97.101
90.960
96.957
97.638
97.006
94.783
98.097
93.015
92.369
95.398
95.506
92.075
92.250
93.155
95.175
96.891
96.517
99.020
93.491
94.479
96.567
94.253
95.232
92.222
95.782
97.237
95.105
94.828
97.455
97.134
95.733
96.304
97.090
92.886
93.290
74.601
76.667
75.981
74.727
77.384
77.966
83.333
81.955
75.622
94.000
83.951
95.533
96.337
94.407
94.110
98.355
90.833
79.268
84.694
92.730
81.921
81.564
86.735
97.516
95.455
97.911
97.244
97.304
96.618
91.682
96.543
98.148
93.147
85.915
97.287
99.125
97.475
96.196
94.872
94.620
97.452
97.701
97.504
91.525
97.239
94.809
94.186
93.532
96.897
95.775
91.111
97.927
95.632
95.168
98.010
97.187
96.296
96.757
95.783
97.744
97.436
95.758
91.904
94.071
93.304
88.119
89.840
89.202
97.464
95.853
95.000
95.773
91.775
83.158
98.467
96.025
97.436
96.522
96.853
87.368
96.957
98.039
95.896
94.175
90.437
97.710
97.175
85.294
97.503
94.393
95.408
94.890
95.600
98.993
92.944
92.045
95.896
80.513
98.317
99.275
99.533
95.332
95.556
97.843
97.842
92.537
98.876
94.024
97.865
81.044
92.131
93.831
96.181
94.118
95.767
92.073
93.761
97.635
95.759
97.015
97.406
96.528
96.954
97.778
96.837
97.753
91.262
96.119
96.918
97.468
95.122
95.021
94.595
96.220
96.907
94.318
96.627
96.953
98.044
95.319
97.455
96.682
96.635
98.271
97.098
97.890
95.007
96.032
98.214
96.273
96.947
96.296
98.377
97.492
96.471
98.394
99.237
97.959
96.939
97.615
95.078
97.381
95.407
91.837
98.611
94.133
97.059
95.469
98.095
94.030
95.783
95.717
93.689
95.349
92.567
94.036
95.989
95.570
97.003
98.419
97.799
96.254
98.540
96.387
92.667
96.296
95.395
96.955
94.828
95.161
97.959
97.115
97.345
94.860
86.996
90.217
94.157
98.667
95.062
96.081
93.776
97.297
96.622
94.595
94.928
96.359
97.807
97.837
96.862
90.196
92.857
95.181
84.431
89.130
92.359
95.080
98.630
91.019
98.684
99.324
96.437
97.156
93.200
94.601
94.915
94.309
86.387
86.387
94.942
97.487
97.799
97.059
95.758
96.179
96.825
96.951
96.456
98.330
97.081
96.183
96.886
97.250
98.350
90.684
94.167
88.747
97.414
95.922
98.778
92.593
97.396
96.512
97.085
98.118
98.712
99.462
94.203
97.279
98.413
97.378
97.143
93.810
97.111
96.000
95.437
91.026
93.798
76.000
95.190
94.066
99.010
96.622
93.266
96.421
93.266
96.421
86.509
94.697
97.282
96.023
96.970
94.264
96.392
96.157
98.817
98.257
97.984
98.321
90.182
95.223
97.515
97.515
97.457
97.508
96.377
96.154
95.985
92.982
90.541
96.610
88.959
94.203
94.086
95.378
93.985
98.248
92.353
91.731
95.902
96.817
97.305
95.917
98.210
88.614
98.118
95.989
84.332
98.624
97.475
96.089
97.753
98.737
97.187
97.723
97.870
97.426
97.619
94.599
97.436
97.350
93.921
96.813
92.541
96.063
97.297
96.863
80.541
97.993
96.377
96.552
96.465
97.642
98.340
97.297
87.576
91.228
97.581
89.796
96.183
96.417
95.833
98.298
97.190
95.667
93.574
98.264
98.305
98.089
98.188
94.667
96.643
99.020
98.000
92.883
93.969
96.172
95.918
91.667
96.104
95.268
97.727
94.919
97.244
95.690
96.815
87.988
96.774
91.667
97.510
96.241
95.211
98.400
95.652
95.298
95.726
96.465
96.047
96.777
95.161
96.915
94.737
98.387
97.181
96.225
93.676
96.262
96.907
96.496
96.914
98.827
95.900
99.020
97.396
96.469
97.524
98.639
97.727
97.421
96.114
97.297
95.810
94.479
97.136
97.569
86.713
96.429
96.721
94.751
95.736
96.689
87.714
86.713
94.751
97.207
90.027
95.341
93.369
96.575
98.214
94.667
89.497
97.826
97.826
94.629
94.974
97.052
83.575
79.705
98.722
96.709
96.709
95.116
86.364
89.441
78.431
94.145
97.073
97.619
95.418
98.113
97.500
98.305
98.667
90.698
96.154
97.280
94.231
99.000
95.189
95.956
95.676
96.357
97.863
95.038
96.000
95.941
93.506
95.012
96.957
97.500
96.094
93.554
95.873
98.387
97.817
96.218
96.269
94.990
95.904
99.074
80.812
93.333
91.511
94.676
97.279
97.482
97.719
94.132
96.443
91.304
96.674
98.083
97.289
95.781
96.512
93.790
97.959
97.959
96.296
95.044
96.552
98.932
94.964
97.044
97.944
95.154
98.174
95.563
89.352
97.171
93.553
92.394
97.899
96.774
96.530
97.250
94.179
96.287
95.539
92.670
88.123
94.030
95.603
96.667
96.429
98.734
98.033
97.527
98.696
95.476
97.347
97.479
95.796
97.575
95.437
96.316
96.970
97.049
94.505
94.393
94.505
94.393
83.600
96.832
95.796
94.133
96.559
97.130
97.984
94.382
97.203
98.851
92.864
90.617
97.355
98.540
96.774
96.700
92.226
97.775
98.352
94.253
96.753
95.455
96.170
96.721
91.163
97.784
87.097
95.307
98.077
96.698
97.817
97.861
98.578
95.666
96.053
94.895
96.732
98.106
92.021
97.964
97.143
97.807
96.325
92.424
93.000
96.970
93.519
83.838
98.750
96.629
96.049
93.232
94.691
95.801
98.551
98.684
95.413
97.240
96.653
91.797
95.219
96.850
96.970
98.544
97.354
97.233
97.273
96.296
91.235
96.983
96.953
96.970
93.578
99.331
95.473
98.485
94.608
94.636
88.889
96.815
97.059
99.237
99.237
98.601
89.023
94.926
95.238
96.708
95.198
89.314
93.503
98.095
95.781
86.486
97.059
95.968
96.714
94.667
97.608
95.935
96.992
98.054
89.730
98.834
94.231
97.213
88.235
96.653
95.669
95.644
96.635
92.308
97.514
91.870
96.831
98.235
99.160
98.015
96.106
92.308
81.057
90.345
96.040
93.443
93.714
90.826
95.082
87.230
90.253
95.652
90.476
95.652
90.476
95.057
96.759
98.936
98.571
98.025
98.259
98.080
97.945
97.333
96.759
95.868
93.939
87.719
85.496
86.788
88.728
87.069
87.079
81.250
96.581
94.783
97.436
97.761
96.522
97.872
96.875
93.431
97.877
97.436
94.286
99.254
97.270
96.463
97.238
93.970
82.344
82.042
76.000
96.623
82.250
78.759
76.667
94.203
96.375
91.057
95.532
97.600
97.101
95.682
96.753
96.571
96.571
96.651
88.571
96.825
96.581
93.133
97.711
96.667
92.985
96.610
99.231
95.982
94.717
96.495
94.457
97.443
98.450
98.513
97.891
95.414
97.393
95.357
94.304
96.459
98.441
97.701
96.667
96.667
93.709
82.561
98.919
95.177
97.336
98.361
97.561
97.183
96.184
95.759
97.015
97.964
96.325
96.114
97.863
98.045
97.037
97.908
94.792
97.196
98.113
97.342
95.884
98.438
96.768
94.389
96.482
94.118
96.881
95.181
95.707
94.737
95.856
87.154
87.147
93.831
97.849
96.515
99.200
88.406
94.133
97.552
95.868
96.759
89.474
96.032
94.543
95.168
94.457
97.059
96.108
98.725
98.725
96.377
95.532
88.966
94.696
94.527
90.782
96.064
97.326
88.547
96.994
95.122
95.349
96.341
96.502
97.158
93.980
97.973
99.015
93.831
98.795
97.257
97.201
95.736
96.535
95.722
99.180
97.917
96.985
94.775
96.923
96.908
98.175
98.718
95.276
86.341
96.970
95.679
96.778
97.000
96.970
97.596
97.863
97.802
98.802
96.416
92.743
92.857
95.181
97.015
98.125
93.358
97.799
97.855
97.159
96.739
97.861
96.860
96.154
95.791
96.474
96.229
99.024
94.749
96.137
92.308
96.996
96.602
94.972
94.737
97.519
98.864
94.653
96.908
93.241
96.677
94.366
87.666
94.605
97.900
97.628
95.506
97.586
88.415
98.016
97.074
91.386
96.855
91.858
95.378
91.089
94.175
99.000
94.017
96.842
95.666
97.044
96.305
94.318
96.618
95.427
92.913
92.708
91.250
93.651
98.204
95.238
97.528
96.879
92.197
94.681
96.186
96.751
95.992
97.531
96.437
97.531
96.053
98.039
98.374
98.433
95.527
98.431
97.429
97.201
98.276
97.619
97.727
97.826
93.407
93.114
96.727
98.469
98.167
96.885
89.483
96.117
95.967
95.392
97.333
97.727
94.246
97.183
93.777
98.841
96.368
97.596
97.199
95.914
98.058
97.076
96.895
97.130
98.795
97.595
98.305
96.809
98.077
97.180
95.238
97.546
96.350
97.436
95.364
97.251
96.246
94.940
96.721
96.689
97.436
98.011
97.638
90.141
92.810
94.208
92.593
97.604
97.907
97.600
95.881
95.000
87.097
94.399
88.825
89.055
99.189
88.318
96.597
91.983
94.548
97.059
96.711
96.429
95.339
94.483
91.723
94.880
96.191
93.421
97.537
92.105
97.112
89.490
97.511
97.063
95.876
97.015
93.585
92.444
83.069
97.665
98.182
97.549
95.556
97.826
94.260
96.739
98.639
92.896
96.181
98.223
96.574
92.961
93.627
97.368
83.168
94.017
82.081
81.298
96.545
94.156
90.667
94.902
90.000
92.641
88.168
92.641
94.382
86.139
95.075
88.152
96.927
96.732
97.664
96.350
93.368
93.714
92.639
95.974
94.828
93.151
95.475
96.459
97.440
97.610
95.556
94.527
97.500
96.569
89.626
97.767
97.436
93.897
95.161
96.496
88.969
88.339
93.666
91.667
95.395
97.009
97.616
98.604
99.254
98.604
97.719
88.194
96.528
95.309
96.970
92.727
98.125
98.889
96.120
95.178
94.366
96.047
96.570
84.783
82.331
97.635
90.783
93.902
90.000
91.667
90.909
96.842
98.601
97.757
97.333
94.253
98.739
96.338
95.977
98.095
98.594
97.018
97.569
98.154
98.566
96.753
97.863
97.863
98.398
92.488
96.616
88.372
93.891
90.000
95.868
91.716
95.406
93.939
93.023
96.744
95.435
95.473
98.068
97.239
98.639
93.514
97.933
97.001
95.671
91.200
94.188
92.941
95.111
97.198
96.389
95.645
97.037
89.404
95.406
89.568
96.280
95.142
89.888
98.450
98.678
96.552
95.972
94.860
84.416
97.872
96.983
94.595
96.266
96.629
98.347
95.307
95.868
95.520
95.652
87.536
92.291
96.610
97.938
97.360
97.659
97.679
96.339
96.732
97.674
92.605
95.890
96.639
93.554
95.873
98.387
93.452
93.782
96.875
89.969
97.349
95.904
93.436
94.505
96.000
89.841
96.206
87.395
98.387
95.082
91.216
97.508
97.368
97.465
97.198
87.887
93.438
95.463
95.122
95.686
94.981
92.053
95.245
96.479
95.492
93.865
97.800
98.148
86.859
96.234
99.216
97.394
95.652
98.361
96.939
96.845
84.419
96.038
97.436
93.499
96.296
94.948
94.948
92.265
98.551
93.617
98.148
97.512
97.222
97.917
98.003
97.854
94.595
86.909
97.849
96.621
86.508
91.313
96.875
98.387
96.053
92.500
96.927
97.447
98.462
86.713
97.643
98.551
94.127
97.172
95.195
92.628
99.444
97.674
96.123
97.279
96.895
95.604
97.763
97.045
97.354
97.081
98.347
95.993
98.333
97.696
95.469
94.017
97.065
98.644
97.826
95.556
94.574
92.670
96.460
96.717
98.005
98.214
96.524
93.204
95.082
97.080
94.086
95.150
96.774
96.203
96.732
96.692
96.809
95.495
95.652
95.676
88.571
98.022
97.255
96.098
95.697
98.507
96.515
91.258
97.674
97.619
95.427
96.337
97.600
98.154
98.566
95.703
96.548
93.688
94.904
98.225
98.413
96.498
96.311
96.978
98.712
98.084
94.217
95.638
94.177
98.901
98.734
97.921
99.201
94.696
97.275
96.758
96.774
88.797
96.254
94.595
97.164
97.187
97.872
93.610
94.711
97.679
93.182
95.820
96.996
97.701
96.885
98.540
98.540
93.014
97.524
96.023
93.373
92.994
94.314
95.638
91.975
95.897
97.018
98.305
98.095
94.302
98.305
98.131
94.928
96.679
92.308
97.291
96.364
97.541
97.222
98.176
96.970
96.165
96.066
96.091
97.831
97.208
77.355
77.355
94.444
95.638
90.588
98.990
87.179
97.849
98.714
94.929
93.678
96.914
97.070
97.196
95.185
99.000
96.842
96.842
97.109
93.978
85.022
90.164
97.305
95.140
97.264
92.941
97.101
92.356
91.475
76.433
92.079
77.778
82.353
87.226
91.534
80.247
77.938
87.333
91.429
79.079
97.156
96.852
97.110
98.058
97.076
98.567
97.818
96.509
91.807
96.057
96.730
91.197
97.176
95.378
94.915
98.163
81.166
95.604
90.713
96.988
97.257
96.988
96.581
96.123
98.947
95.604
96.113
94.387
96.682
96.635
98.271
97.279
95.927
94.286
97.086
97.509
97.623
97.059
88.416
95.215
88.419
89.081
96.309
96.396
97.790
97.692
96.154
96.591
95.154
98.529
87.433
97.586
97.586
95.084
94.444
96.007
91.575
95.413
97.917
92.405
88.980
99.180
99.180
99.180
98.701
97.130
96.378
96.429
97.740
98.020
97.400
96.266
90.739
94.177
97.670
97.183
97.634
88.281
88.889
85.161
93.836
92.355
97.072
96.558
91.304
94.545
97.447
97.119
94.262
97.041
95.828
96.118
94.800
91.213
84.182
89.908
93.399
97.155
98.193
98.768
83.495
94.894
84.282
85.324
96.364
77.839
97.273
97.150
97.561
96.905
93.344
98.727
96.825
96.535
95.722
93.902
97.243
78.345
76.266
92.958
81.183
93.750
96.364
96.768
99.298
96.078
96.685
97.571
93.868
95.533
98.020
96.667
98.343
96.047
96.528
96.939
99.020
94.189
85.149
96.210
97.786
94.387
95.378
97.802
96.084
98.594
96.211
95.946
98.315
96.757
97.195
94.207
91.589
95.870
94.286
92.727
98.551
97.128
91.373
93.103
98.462
97.642
96.618
96.144
85.915
96.433
93.148
98.263
96.856
96.045
94.624
98.077
96.120
99.010
96.429
94.359
89.451
97.661
92.784
92.395
89.091
93.843
95.023
82.659
94.149
93.842
95.410
96.380
94.643
92.537
94.275
97.093
96.552
96.407
97.222
96.715
95.036
95.036
96.520
94.025
97.275
96.758
96.774
96.520
89.831
93.103
95.000
98.311
90.345
93.548
95.436
93.416
98.551
98.777
97.519
98.777
94.118
98.837
96.183
96.986
96.774
98.084
98.559
98.621
87.654
97.252
96.311
97.674
98.795
96.063
96.063
94.139
92.804
95.116
94.382
97.573
94.251
95.288
98.246
96.581
87.431
97.378
89.593
90.419
94.048
96.502
96.177
97.490
96.646
96.220
97.927
96.466
98.723
93.939
96.410
96.963
97.917
90.226
89.412
86.842
98.387
90.270
94.698
95.255
98.214
96.137
91.156
93.610
94.074
90.027
95.842
96.209
96.077
93.103
96.188
98.315
97.925
96.878
95.513
96.262
97.902
98.851
94.183
96.000
97.840
99.167
98.374
97.384
93.782
91.743
83.898
93.714
90.826
95.082
96.622
97.024
97.704
97.196
97.196
96.875
98.387
95.748
94.435
95.064
86.804
92.740
92.315
94.558
98.256
98.754
95.415
92.409
95.109
95.489
94.068
90.996
97.484
93.350
95.326
95.192
93.671
93.663
93.071
98.773
93.200
96.324
89.831
97.368
96.474
92.484
94.231
97.674
88.281
97.222
96.140
94.940
95.329
97.128
99.296
96.528
97.890
95.074
95.156
95.793
96.364
97.430
92.248
93.755
94.894
98.681
97.031
96.599
92.373
97.826
99.029
97.212
96.604
97.313
98.684
98.799
95.018
96.882
94.272
95.926
95.032
95.695
95.148
98.893
99.320
93.069
95.269
98.438
98.990
98.990
97.273
98.209
97.273
98.209
92.299
93.922
88.732
79.646
98.020
96.637
98.718
93.927
94.139
88.456
95.537
95.506
95.550
99.145
94.314
97.619
97.619
97.685
92.369
98.333
93.865
97.361
98.217
97.115
95.798
93.517
96.269
97.185
97.701
97.352
98.387
95.396
94.595
96.915
93.532
98.131
96.995
97.494
97.340
96.491
94.883
97.266
96.182
97.324
92.652
97.026
96.819
99.213
94.065
99.213
98.329
97.361
88.811
93.922
96.463
93.063
84.257
80.989
92.958
96.226
97.045
98.491
97.000
97.153
93.925
98.225
98.413
96.812
96.117
95.581
93.092
94.574
97.101
94.502
98.750
98.227
96.721
95.349
96.144
90.000
96.375
97.167
97.458
96.657
96.982
94.595
90.782
94.590
94.771
95.032
98.649
98.450
98.734
97.414
97.414
93.902
98.434
95.413
97.674
95.294
93.252
97.222
98.291
99.057
98.173
98.267
97.126
97.098
85.563
94.527
91.549
97.857
96.218
96.190
96.218
96.190
98.333
93.458
96.512
97.211
97.727
96.161
97.207
95.604
94.801
95.935
94.007
97.054
98.494
97.917
95.189
98.982
95.882
97.293
97.682
96.250
98.607
97.484
98.519
90.545
89.583
95.559
95.294
98.949
97.790
97.287
96.923
89.354
89.354
97.588
98.773
91.379
99.457
96.594
99.070
97.222
98.795
97.257
99.123
97.895
97.249
98.148
94.758
97.807
93.769
95.377
95.913
96.637
96.759
94.130
97.619
98.585
96.503
96.330
96.113
95.455
95.444
91.892
96.875
88.235
96.000
96.899
96.852
93.103
95.918
79.874
97.037
98.168
98.020
91.756
98.119
94.915
95.604
95.495
94.727
98.101
94.424
96.190
96.651
94.828
96.622
92.273
94.180
93.506
85.075
95.416
95.107
80.556
97.245
98.507
97.727
98.507
90.979
93.892
98.450
98.649
94.624
87.356
95.735
99.359
97.403
92.995
95.138
97.772
94.944
97.561
95.356
98.507
96.111
84.211
94.726
91.736
96.825
96.296
89.942
87.352
96.471
95.059
91.469
95.897
96.731
96.477
93.973
94.521
97.167
98.311
98.062
98.266
91.542
97.744
92.063
98.319
98.319
92.879
76.744
96.232
98.030
97.183
93.385
95.614
96.283
89.094
97.826
95.833
94.737
96.450
97.491
97.683
96.970
94.872
96.226
96.939
96.249
95.254
95.192
93.909
95.238
95.309
98.305
94.079
97.778
96.178
96.875
94.971
97.792
96.581
91.867
96.591
96.592
95.312
94.407
94.048
96.133
96.624
96.386
95.030
96.364
94.025
96.970
92.823
98.048
92.157
94.737
96.970
97.546
97.523
90.453
93.333
89.041
97.252
98.333
97.072
96.954
96.988
96.988
95.812
95.062
97.619
95.022
80.616
74.022
96.542
94.608
98.938
99.099
96.026
96.508
97.222
92.803
89.474
96.703
97.516
98.084
96.875
95.556
94.608
94.000
93.504
84.956
93.478
96.106
95.169
97.984
86.301
82.707
91.724
95.050
83.666
93.757
99.048
99.048
96.067
91.600
96.536
96.389
91.347
97.396
98.507
96.078
98.148
94.774
98.030
95.862
91.538
93.995
94.410
90.345
92.188
97.872
94.890
95.062
98.039
97.421
97.260
94.275
97.443
95.063
96.183
98.182
96.667
98.182
96.408
97.881
98.246
95.019
94.286
95.662
96.644
96.482
92.589
97.711
96.667
92.985
92.042
96.667
98.039
94.958
82.627
93.873
95.859
94.595
97.531
98.039
98.529
95.972
91.393
94.737
96.169
95.761
96.305
96.305
97.692
99.338
95.332
96.341
92.982
91.758
88.268
98.601
96.970
95.499
92.739
91.242
96.561
94.581
96.552
97.465
93.769
81.141
93.210
97.085
94.838
99.398
98.148
92.506
95.775
94.020
95.783
97.163
96.333
94.606
95.697
98.182
99.048
97.830
95.142
96.078
93.730
94.505
95.470
90.200
88.305
94.797
89.218
95.643
96.392
95.827
95.631
97.600
97.333
97.942
94.089
97.262
97.297
98.701
98.701
95.063
97.546
93.824
95.149
99.284
98.208
97.279
96.809
97.028
96.768
97.744
98.438
97.647
96.649
97.500
89.011
98.294
94.737
98.052
94.915
97.046
85.057
80.278
91.446
98.765
96.952
95.556
97.000
84.314
92.220
98.185
97.368
94.169
96.223
97.772
95.994
97.493
96.960
97.368
98.010
97.436
94.971
93.588
94.030
92.500
96.970
97.064
88.832
91.071
99.145
94.872
93.781
96.587
79.012
81.818
78.431
98.261
93.926
97.505
97.391
93.405
97.072
97.575
98.099
98.507
98.246
98.370
93.528
97.578
95.349
97.980
98.246
92.417
96.168
95.592
98.710
90.187
98.276
96.689
97.990
96.732
82.638
86.957
96.591
96.759
93.600
96.527
92.308
97.059
94.355
94.118
94.355
98.072
98.889
97.685
98.936
98.936
96.035
98.718
98.235
98.235
78.378
89.047
97.072
96.219
95.635
97.165
96.575
95.333
97.889
99.160
99.160
95.770
98.223
96.574
98.795
89.575
97.889
98.524
86.182
85.714
97.500
96.637
98.718
93.927
98.286
89.754
86.509
94.805
94.142
95.770
95.600
92.530
95.098
98.077
87.583
96.602
85.915
86.170
98.947
87.379
83.408
96.056
97.390
97.345
96.784
97.818
96.990
95.754
99.115
98.333
98.333
99.020
97.314
97.163
96.244
96.875
95.291
93.500
93.277
97.229
96.552
88.158
92.994
96.599
97.664
98.246
96.673
97.368
94.382
94.595
92.960
93.750
92.813
93.985
95.585
98.619
95.455
92.273
96.970
94.393
96.078
94.595
98.344
98.780
96.552
95.763
89.051
96.667
97.553
96.997
95.487
98.387
88.690
96.612
85.458
90.909
96.978
94.408
92.281
97.388
96.900
95.817
96.429
97.030
94.260
95.475
97.262
97.297
95.181
95.669
97.032
97.814
96.787
90.994
97.458
97.018
98.260
95.960
91.956
98.750
97.080
97.543
80.833
99.020
97.867
98.419
95.178
95.193
93.061
91.034
97.281
97.854
98.434
95.413
92.808
96.226
86.037
93.878
98.747
94.598
98.165
97.713
95.076
97.761
98.980
97.273
98.371
96.985
90.726
98.232
97.189
95.506
99.194
94.495
93.368
95.782
97.778
95.270
95.464
97.980
96.286
96.164
95.968
96.552
97.521
89.655
94.000
97.183
98.790
95.582
97.101
92.568
96.226
95.833
96.098
96.743
95.905
97.345
98.623
96.970
87.500
96.364
94.856
97.511
94.162
97.744
98.653
98.246
97.429
80.432
81.416
82.243
95.556
94.545
94.545
96.682
89.560
89.560
82.301
95.050
93.661
98.160
93.878
95.017
97.938
97.628
97.297
98.611
94.194
96.330
95.868
97.619
95.161
95.312
93.916
96.047
95.771
96.983
95.856
99.441
95.168
95.918
97.959
96.433
98.606
96.122
99.145
98.529
96.199
96.774
97.953
95.041
96.491
96.084
97.273
98.540
89.655
92.982
97.203
95.949
96.552
88.298
93.192
89.096
98.500
99.237
94.502
97.354
97.414
95.721
97.800
98.268
89.796
95.140
97.772
93.151
97.531
95.986
97.018
93.042
95.062
96.512
98.039
97.633
98.742
97.585
98.056
95.291
95.277
91.566
95.833
96.692
96.692
95.451
95.868
96.528
98.901
96.809
96.377
97.172
97.865
93.678
99.462
98.131
99.167
94.624
95.000
96.000
98.024
80.115
97.537
92.063
98.551
98.551
97.017
92.600
95.035
97.727
95.550
96.337
95.082
95.455
97.638
94.220
99.270
97.124
94.588
98.165
94.340
88.750
92.033
97.561
95.151
94.301
96.199
98.571
93.499
96.296
96.032
87.664
94.013
92.727
97.609
97.186
98.710
96.220
97.887
86.842
90.857
85.096
89.329
96.250
88.434
98.575
93.411
97.409
93.023
95.378
95.473
98.333
97.312
99.291
95.862
95.918
98.633
86.131
83.246
92.181
96.694
97.110
96.006
94.643
94.070
96.578
90.566
90.159
98.765
95.652
93.298
97.959
98.333
90.965
95.455
92.453
93.878
97.238
95.283
95.283
98.222
95.339
97.819
96.875
93.912
98.148
99.115
95.215
96.353
95.556
97.137
90.426
95.904
99.225
98.805
95.980
95.652
97.927
96.818
97.297
97.034
98.425
96.341
98.462
98.462
95.070
97.525
97.297
98.020
98.072
96.581
98.810
98.810
96.000
95.127
95.006
96.732
89.691
97.585
93.007
98.286
97.619
98.842
94.359
94.545
86.047
89.888
97.740
96.422
97.910
96.846
97.909
94.711
95.069
99.107
97.204
96.524
95.853
96.689
97.260
85.053
90.399
95.082
94.503
95.021
96.703
98.305
96.471
89.418
94.186
97.269
89.051
96.667
96.118
99.057
99.057
96.033
97.312
92.857
94.207
95.048
95.893
95.556
95.889
95.802
92.500
97.826
90.813
97.925
96.970
97.569
96.222
96.689
96.653
94.142
95.950
94.324
95.950
94.324
98.198
99.099
99.099
97.674
95.238
98.795
97.248
96.886
97.619
95.455
97.674
99.248
96.914
99.034
97.273
91.807
98.077
99.153
97.041
99.649
96.137
97.892
97.892
85.637
97.222
97.222
94.683
92.802
97.549
95.575
96.471
98.160
97.535
95.069
98.507
94.656
98.026
92.486
87.037
99.441
97.354
93.810
97.070
99.034
96.694
91.990
96.495
96.089
95.361
98.507
83.111
98.913
97.636
97.391
91.200
96.863
92.424
97.758
97.143
95.430
94.828
98.777
98.653
85.965
97.849
95.954
96.915
94.698
95.777
95.833
96.899
97.753
96.488
99.342
95.161
99.123
96.739
95.960
95.522
96.707
99.225
97.326
97.203
98.374
87.147
99.642
97.382
96.774
96.413
96.774
98.235
96.682
94.823
92.617
97.514
97.313
98.171
98.171
96.370
97.436
96.285
95.992
96.241
96.241
96.057
97.561
98.182
97.553
97.778
98.551
92.746
92.776
94.667
96.667
98.148
92.257
91.423
96.296
98.316
97.788
95.307
98.077
93.696
97.952
96.604
98.197
95.455
97.647
94.396
98.588
97.674
98.113
95.455
97.917
97.170
97.267
97.196
96.581
98.802
94.350
96.745
92.857
97.238
94.982
94.542
95.768
96.581
98.082
97.531
97.872
89.024
88.189
87.841
95.925
97.531
97.389
95.868
96.154
99.091
94.301
90.751
99.115
95.400
97.191
98.883
97.260
98.212
95.122
95.122
93.888
96.833
96.925
97.070
96.651
97.436
95.652
97.635
96.600
90.710
96.113
98.718
95.200
94.551
97.436
98.913
89.922
97.590
97.500
86.788
88.728
87.069
87.079
81.250
88.399
95.833
94.175
94.239
95.639
98.077
89.133
87.013
76.190
93.023
95.810
94.444
96.591
98.601
94.624
94.624
99.115
98.571
97.516
96.637
98.554
97.674
99.371
98.214
98.214
95.986
98.611
96.071
87.645
92.620
98.485
95.041
96.307
98.343
95.000
94.048
95.109
97.487
95.155
95.536
95.902
90.426
98.387
98.387
88.889
96.354
99.043
98.883
97.608
97.283
86.143
95.087
94.378
96.310
97.980
99.254
99.254
96.032
98.491
92.461
90.288
97.110
99.206
97.531
91.111
85.326
96.413
91.199
94.912
97.701
97.500
96.970
96.316
97.596
97.596
85.792
94.836
97.749
85.458
97.264
96.364
92.208
96.250
95.279
98.429
97.070
98.473
98.765
91.990
94.479
98.504
96.264
97.805
96.804
96.804
94.205
94.205
98.295
96.552
97.573
99.130
97.033
97.033
92.615
92.615
98.454
97.761
96.907
97.233
97.297
97.710
95.417
93.103
95.977
97.387
96.169
97.143
98.684
92.241
97.484
98.413
96.296
97.952
99.180
99.180
99.138
99.167
92.727
98.844
98.485
98.485
95.968
98.529
97.647
97.895
97.658
96.371
96.226
98.958
99.533
96.111
98.718
96.025
88.017
95.817
83.042
97.717
99.065
98.113
95.833
97.163
75.549
88.182
81.290
92.308
87.156
95.200
95.361
95.899
97.124
95.445
88.750
97.516
98.477
97.980
99.010
90.859
96.534
87.500
93.958
95.099
95.202
96.032
94.913
94.909
90.233
91.268
94.444
88.928
95.545
90.970
97.147
97.561
91.197
96.791
92.808
87.640
95.870
99.451
95.362
98.780
96.203
97.015
96.302
97.295
95.283
96.198
97.207
96.783
95.895
99.502
98.723
97.778
97.712
97.744
94.097
95.167
97.732
93.557
96.843
96.774
98.802
97.362
96.273
91.948
96.814
94.737
98.160
96.677
94.545
97.836
96.396
97.500
96.319
91.089
97.023
96.642
97.117
89.474
95.952
96.429
95.944
97.814
95.775
96.921
98.771
92.779
97.414
95.417
95.968
99.000
95.333
95.369
94.085
96.023
98.084
92.478
97.400
97.150
95.402
95.089
94.715
81.707
94.624
96.032
97.315
98.684
96.983
97.902
97.265
96.983
96.315
96.829
97.571
99.237
95.814
95.633
94.937
94.043
97.222
97.569
96.787
97.696
94.203
98.214
96.875
97.081
97.284
97.929
96.784
94.318
95.531
96.279
92.105
96.552
97.396
95.973
97.232
97.143
95.332
97.039
96.591
94.427
97.664
97.653
94.444
96.244
97.282
93.711
93.711
94.260
97.513
97.674
96.918
96.111
97.674
97.112
97.248
98.696
93.146
94.717
92.433
96.335
96.465
88.390
86.742
86.572
80.231
94.794
91.356
97.475
96.660
99.237
97.872
95.932
96.667
96.140
94.000
94.444
93.756
98.810
98.450
98.678
99.291
97.740
97.317
96.364
96.435
98.286
93.043
97.149
96.979
96.552
98.039
96.757
79.073
85.591
75.000
75.123
72.930
90.780
94.156
97.354
98.507
97.163
97.386
96.296
98.182
97.080
97.414
96.708
97.122
95.690
96.923
94.595
94.944
98.519
95.663
97.505
96.689
96.129
96.113
96.878
97.548
97.191
97.826
94.660
98.529
88.000
97.608
96.169
93.515
96.226
98.630
97.106
81.193
98.431
97.074
96.599
98.485
96.809
98.421
95.541
95.146
97.026
96.491
96.117
94.608
97.039
95.146
97.026
96.491
96.117
94.608
97.039
97.176
94.947
95.000
96.379
93.732
89.948
96.575
98.513
97.550
96.471
93.413
95.496
96.448
99.683
94.423
97.046
93.902
97.006
97.794
85.220
97.590
97.966
98.592
98.195
94.359
98.319
96.250
98.624
97.304
93.438
95.463
95.122
85.410
93.607
95.455
97.489
95.177
99.259
95.475
96.992
96.168
95.329
98.361
96.104
95.012
87.742
88.732
79.333
94.721
94.476
93.130
87.402
85.806
95.238
97.322
99.593
98.611
96.296
95.096
98.039
98.817
96.296
97.830
96.184
86.508
91.694
86.486
91.111
96.537
99.000
95.663
86.029
79.957
77.485
77.239
96.786
94.737
99.543
80.429
78.446
76.061
85.714
95.000
93.140
96.457
94.428
95.299
97.814
86.842
94.758
96.812
96.042
91.294
96.172
95.080
95.533
98.893
98.876
97.830
96.296
93.349
98.768
83.333
95.376
95.783
96.755
95.349
93.750
91.748
96.555
96.377
96.835
99.000
93.184
95.480
96.441
94.937
93.264
95.968
96.552
96.201
98.529
98.000
91.133
97.610
96.044
94.992
95.373
86.467
89.130
98.780
95.074
91.807
97.590
95.911
97.244
97.971
96.269
96.287
91.250
96.653
97.649
98.081
96.414
96.694
96.610
97.174
97.297
98.419
95.178
97.693
95.286
96.210
95.142
98.504
97.244
92.674
88.456
98.148
92.727
96.094
97.520
97.238
82.533
82.565
84.211
91.938
96.053
97.253
91.150
82.770
96.465
96.600
97.774
96.980
90.411
98.712
97.710
92.609
95.181
95.455
98.182
96.512
92.420
98.421
95.541
91.712
94.880
96.221
96.154
93.210
95.984
95.724
95.960
90.823
95.402
92.727
95.692
97.696
96.154
96.697
92.609
97.059
97.287
96.222
95.539
97.196
95.516
98.295
97.816
98.068
95.960
94.886
99.187
95.862
95.806
98.286
95.062
96.286
98.016
98.371
97.738
98.148
95.561
97.772
98.639
93.674
93.371
91.556
92.936
90.236
95.806
97.271
97.348
97.163
95.333
97.851
96.091
88.188
88.188
97.032
96.552
97.436
98.095
97.436
96.000
96.226
96.131
96.891
94.851
98.118
96.552
95.274
94.855
95.853
94.981
95.918
97.133
96.992
97.653
96.241
98.225
97.781
96.636
97.391
94.561
96.437
98.845
95.720
94.127
95.547
96.078
96.830
89.669
89.899
98.148
97.391
94.536
86.929
96.750
98.857
84.406
97.487
99.038
96.719
97.511
96.885
97.024
97.068
98.214
95.318
96.714
93.266
96.917
98.165
92.564
94.326
97.654
96.759
95.000
97.321
97.738
99.099
94.482
95.687
96.482
95.000
95.855
94.975
95.652
90.945
93.534
97.516
93.666
97.255
97.326
99.020
93.491
97.500
96.805
93.536
94.260
95.923
94.554
94.928
96.622
97.059
94.635
96.032
95.515
90.566
94.753
93.143
95.748
92.821
91.875
97.576
97.714
96.124
97.398
98.630
91.096
92.486
97.312
98.333
94.737
84.828
93.548
97.030
97.163
96.774
95.826
91.053
96.903
99.127
95.935
97.624
95.302
87.430
97.973
96.577
95.279
97.447
95.215
93.952
85.882
89.177
96.457
98.588
96.721
92.994
88.660
91.000
98.925
96.716
94.762
95.696
97.932
98.599
95.077
97.683
97.584
96.692
97.015
98.540
97.653
96.862
97.933
94.065
96.622
92.000
99.429
96.817
96.407
88.614
98.118
98.507
97.297
97.484
96.248
97.015
91.927
96.117
94.774
95.000
93.304
92.473
95.339
91.892
95.144
94.589
95.294
98.089
95.016
95.185
96.108
96.198
98.639
94.091
96.043
94.138
94.500
95.439
97.137
97.980
96.585
97.268
96.726
93.254
97.222
97.561
93.927
98.693
93.981
78.403
95.497
98.039
96.296
94.527
96.635
89.714
94.253
96.023
96.748
92.363
95.806
98.611
95.130
93.590
98.901
95.745
96.811
93.548
98.148
81.116
97.927
96.614
85.333
96.254
97.838
95.062
97.837
90.968
83.188
98.175
88.626
93.590
97.101
91.365
98.457
97.933
92.958
95.380
94.637
94.751
93.373
94.017
97.727
95.591
95.987
94.969
90.355
94.702
98.193
97.067
95.067
96.517
95.865
94.118
96.000
97.600
96.944
95.360
99.248
95.977
98.658
97.525
96.978
96.610
96.396
88.632
97.126
95.918
98.093
96.629
94.764
98.190
97.561
88.474
95.897
95.480
80.921
95.597
97.026
91.971
98.039
97.571
96.275
94.690
96.338
94.972
99.057
97.191
97.806
96.667
83.813
95.833
89.261
96.317
94.643
97.396
95.763
98.246
90.968
96.552
97.949
94.909
94.913
97.917
96.952
85.547
85.491
95.833
95.009
95.671
98.925
96.633
94.340
93.243
96.996
96.981
96.847
95.941
95.833
94.459
93.781
97.039
85.022
95.813
96.828
94.839
90.234
89.155
97.095
92.199
98.837
98.438
87.208
84.783
96.088
96.454
97.436
84.929
91.156
98.122
98.319
97.425
89.655
93.656
87.831
95.939
95.777
95.044
90.278
87.500
96.769
96.660
96.379
82.547
85.827
93.832
97.959
78.623
96.990
95.010
97.049
87.368
95.679
95.390
98.810
93.162
96.330
95.187
94.565
95.726
94.175
90.226
96.010
95.246
95.304
84.422
94.533
93.906
97.608
