94.175
95.341
97.059
98.578
98.611
98.507
96.899
97.970
98.630
95.570
97.222
99.074
97.561
88.321
96.818
95.349
96.020
98.734
98.851
96.257
94.093
93.467
94.958
99.065
97.714
98.667
99.296
97.222
98.413
93.897
98.000
97.826
96.970
96.288
98.639
94.372
97.980
99.667
97.613
99.324
99.187
98.765
99.149
95.640
98.246
83.796
99.517
99.242
98.261
98.276
97.973
97.059
97.073
99.242
93.496
89.333
97.884
87.359
96.215
99.219
93.805
95.000
99.156
97.119
97.917
96.000
93.726
96.813
99.476
99.482
99.301
98.214
90.991
95.833
91.209
97.196
89.804
98.337
97.419
96.764
95.533
97.945
97.479
83.577
83.178
90.541
99.367
99.127
98.544
97.166
96.636
95.533
98.521
96.923
98.810
98.810
99.231
89.216
99.408
97.312
97.423
98.870
89.258
93.778
88.991
91.339
90.323
84.000
84.507
97.479
96.757
93.333
95.588
99.432
99.597
98.077
92.203
86.747
99.107
95.885
99.177
99.078
99.099
98.529
91.463
94.798
98.889
98.246
89.630
96.313
96.651
93.195
91.429
98.333
95.652
95.652
99.286
95.652
97.917
99.010
88.454
97.368
95.111
99.487
98.568
95.604
88.324
84.362
94.393
88.177
89.362
97.938
97.101
96.034
88.804
95.625
96.774
98.830
96.491
98.425
81.203
97.222
97.222
96.283
98.907
88.945
92.857
98.148
88.618
96.800
96.791
95.977
94.030
97.764
97.506
95.906
99.404
99.061
98.133
95.270
99.588
96.194
96.894
97.619
97.917
99.471
96.477
98.333
90.833
95.890
99.078
99.099
94.271
94.495
96.907
96.907
98.083
86.339
86.339
95.847
98.450
98.345
95.885
91.721
97.101
98.571
97.661
87.983
85.185
98.969
99.251
83.983
96.241
96.241
92.593
90.741
96.980
88.154
96.241
99.288
97.110
99.061
99.582
97.605
91.111
99.771
99.275
95.270
89.610
89.080
93.820
90.476
92.000
91.579
89.216
94.000
80.769
98.095
98.780
98.413
96.262
96.262
98.473
94.366
97.030
97.516
98.861
96.443
99.103
96.759
95.584
98.649
99.643
98.544
98.925
98.925
95.779
98.795
97.531
91.696
82.895
84.264
96.396
98.982
98.575
95.964
93.519
96.774
97.154
90.426
98.990
92.517
94.690
98.969
97.468
97.740
91.121
96.571
87.047
98.086
98.861
98.571
97.531
89.697
96.933
99.057
82.286
82.286
83.951
83.951
86.429
86.429
80.502
82.366
80.502
82.366
81.738
81.738
86.207
86.207
82.527
82.527
82.582
82.582
80.995
80.995
80.593
80.593
79.353
79.353
82.203
82.203
81.325
81.325
80.943
80.943
89.347
89.347
82.217
82.217
80.500
80.500
93.103
93.103
74.684
74.684
88.506
97.778
97.778
96.944
99.687
94.702
96.894
91.418
98.457
98.810
96.211
96.859
96.209
99.213
95.604
94.588
96.154
88.022
98.361
98.039
98.387
94.898
99.123
85.279
85.279
87.377
97.273
85.235
88.073
96.059
94.444
96.324
96.970
96.667
96.875
96.396
96.970
98.539
92.761
99.502
96.429
96.429
79.899
97.101
96.660
98.214
89.630
92.511
88.655
97.101
87.805
91.964
91.358
99.074
97.957
98.319
99.270
99.107
90.667
94.444
98.773
93.525
93.525
92.373
92.373
96.748
97.761
98.756
97.110
97.333
97.143
95.556
98.020
98.558
98.544
91.558
93.158
86.555
99.465
97.297
99.209
88.346
98.582
88.278
94.163
99.483
99.605
96.748
93.233
92.871
96.923
97.573
99.306
89.100
83.598
85.241
97.351
97.351
95.413
95.413
97.833
97.351
97.351
97.248
95.413
95.522
97.644
85.437
99.342
88.889
98.286
91.160
95.631
88.321
98.314
83.526
90.717
99.147
97.990
85.926
95.187
90.909
92.784
96.078
94.468
92.105
78.440
98.969
99.371
94.574
97.015
99.000
98.810
85.047
98.113
93.182
89.310
96.875
96.577
96.350
78.486
95.031
92.828
97.778
96.000
96.020
93.750
97.059
98.354
94.118
84.816
95.781
97.475
94.944
84.293
84.293
94.737
94.737
97.468
94.737
98.298
95.102
97.674
98.719
99.052
98.889
97.403
85.616
96.277
98.204
91.623
93.590
99.405
98.760
98.413
96.110
90.674
94.514
99.435
81.176
91.733
96.477
99.083
97.122
91.034
86.842
77.824
88.108
98.855
98.964
88.961
94.091
88.919
98.246
92.143
85.855
98.113
97.368
97.368
99.365
83.600
99.254
99.254
98.068
96.277
91.064
99.138
96.045
77.483
95.215
99.643
98.921
96.850
97.110
96.911
95.370
99.582
81.675
94.643
92.216
96.970
92.632
94.332
95.783
99.658
90.506
89.162
97.826
93.510
89.522
98.961
93.694
86.555
98.661
96.610
96.448
95.638
93.296
73.362
98.238
98.719
98.462
98.099
96.585
99.306
94.697
95.495
99.630
92.899
97.701
97.701
98.025
97.701
95.041
98.701
96.739
95.349
92.424
81.545
99.535
96.290
96.059
94.444
96.992
76.575
99.306
96.923
93.033
88.454
91.379
91.379
82.222
98.225
88.158
88.143
79.751
91.739
79.727
98.780
98.182
99.259
89.873
93.496
97.357
97.119
98.544
95.973
99.630
99.242
99.487
86.894
86.894
83.148
83.148
84.462
84.462
86.058
86.091
84.273
83.469
83.469
84.273
84.291
84.291
84.795
84.795
85.034
85.034
85.294
85.294
87.728
93.750
82.090
94.574
99.722
98.773
93.506
93.506
90.741
99.608
78.970
91.011
93.506
90.741
93.043
91.111
83.486
99.197
97.945
93.590
98.473
76.805
99.351
98.065
93.966
98.568
97.674
97.740
97.959
95.074
94.074
96.241
96.241
96.980
88.154
96.241
92.593
90.741
95.902
97.917
97.222
95.946
98.454
99.365
95.687
95.312
95.312
95.833
95.833
95.833
95.833
96.885
98.810
95.652
94.059
87.805
89.434
85.714
97.992
98.969
98.305
89.759
99.378
83.024
99.579
98.338
97.895
99.502
97.838
99.156
94.271
94.495
96.907
88.462
88.462
96.705
94.685
92.727
87.500
99.344
94.279
98.291
94.514
95.522
98.701
97.531
97.619
86.667
86.667
97.819
81.384
87.705
97.959
90.821
88.222
98.163
96.923
97.041
99.010
99.648
86.984
94.898
96.732
98.450
94.709
94.828
95.643
95.000
96.907
98.077
99.435
81.176
93.514
93.373
97.605
97.015
94.667
99.482
98.333
95.429
98.734
91.597
92.254
99.048
99.722
94.483
94.483
84.861
90.938
88.945
93.168
93.519
97.848
96.277
95.111
96.194
96.894
99.656
99.656
99.482
83.549
86.667
97.810
92.157
85.492
85.714
97.613
84.359
87.097
91.837
93.571
98.253
97.387
93.680
99.160
95.219
98.214
94.294
99.259
96.759
97.285
97.765
93.162
98.684
98.990
97.044
97.340
98.851
91.733
93.532
92.697
87.681
95.556
92.593
97.455
93.578
92.857
84.589
95.370
97.546
98.413
88.910
96.970
97.802
85.124
97.890
90.278
93.274
90.686
95.902
97.826
98.229
95.349
99.515
99.371
97.573
90.583
86.280
89.017
94.737
96.571
96.571
98.444
98.444
96.951
96.951
95.775
95.775
94.468
95.980
94.939
89.697
96.603
99.174
87.432
99.438
91.696
84.833
88.259
77.154
95.692
96.748
87.129
97.561
97.561
98.291
94.709
98.765
97.479
97.414
81.955
90.000
99.010
95.322
94.163
99.020
99.552
99.010
99.648
87.719
85.284
85.795
95.133
98.842
81.053
96.552
80.905
96.923
83.557
98.611
97.902
86.280
81.350
97.436
80.523
98.588
98.305
80.899
97.484
98.889
98.873
94.545
97.797
98.058
86.503
89.333
86.310
74.551
99.528
96.047
90.515
94.382
97.378
90.395
91.241
87.288
93.627
94.342
98.333
98.742
98.958
97.938
97.938
81.053
99.710
96.243
92.795
90.083
90.083
89.086
97.826
87.981
99.394
90.833
97.386
92.672
99.115
90.732
97.052
86.957
98.578
98.387
82.449
96.988
97.203
93.750
93.000
99.259
79.933
97.101
87.560
97.368
95.133
90.574
92.375
96.517
98.780
98.182
88.636
94.737
99.020
97.943
96.757
98.667
94.141
99.057
90.865
78.968
78.968
78.680
78.680
77.081
77.081
75.949
75.905
75.905
75.975
77.113
77.113
75.520
75.520
77.825
77.825
75.415
75.465
79.376
79.376
74.900
74.900
75.579
75.579
74.363
74.363
72.222
72.222
82.069
98.837
96.567
97.659
99.000
93.732
98.361
95.279
96.703
94.608
85.780
99.219
97.902
98.693
96.795
97.938
90.152
99.441
98.582
98.485
96.569
85.890
99.471
93.970
98.347
86.667
99.556
98.964
98.855
99.691
97.297
98.982
98.575
98.039
85.492
85.714
97.613
90.833
85.224
81.346
83.582
86.558
98.741
97.694
96.053
97.959
97.959
98.780
86.984
97.024
88.327
92.920
87.963
98.214
89.583
89.583
77.654
98.113
99.507
84.416
80.569
80.569
84.426
84.583
83.673
81.928
86.207
84.571
79.098
92.547
96.918
99.512
97.848
96.988
97.368
90.991
96.460
81.695
82.906
87.324
89.153
88.053
95.620
95.620
98.174
99.667
86.842
97.619
93.794
93.651
93.651
93.000
99.320
97.778
96.474
99.219
98.257
99.213
99.213
91.949
94.681
99.600
84.038
93.571
87.113
91.753
80.399
96.396
85.437
94.578
94.845
97.125
96.110
98.305
98.305
91.761
96.825
98.039
99.462
96.098
99.065
95.930
90.909
98.408
85.659
93.636
96.800
98.889
92.701
99.588
85.286
97.826
92.268
96.124
96.491
98.425
90.991
96.842
80.769
97.596
96.020
88.211
92.369
84.821
96.947
97.222
99.291
96.262
99.465
99.579
98.338
97.895
97.694
96.842
88.274
90.426
98.684
89.143
78.417
89.730
90.050
89.920
98.780
99.177
98.810
95.833
98.257
97.455
97.455
84.861
90.938
88.945
93.168
93.519
93.612
79.330
87.879
87.377
97.273
85.235
82.767
88.382
78.992
99.187
95.303
99.265
89.610
89.610
91.667
91.667
93.706
85.500
81.460
97.209
97.260
96.843
97.337
99.265
97.375
98.253
89.565
99.156
98.214
97.030
96.954
97.484
81.619
95.357
92.481
97.125
96.110
91.761
96.825
88.608
97.942
98.204
96.132
75.583
98.133
99.167
82.910
87.359
92.511
88.655
97.101
93.333
99.435
99.206
93.561
90.909
90.909
94.681
82.927
97.052
99.115
83.471
96.866
99.687
94.702
83.600
75.023
95.798
98.291
96.825
91.949
94.681
92.893
92.199
92.199
83.557
98.462
80.263
91.803
95.588
99.537
97.861
97.938
99.147
86.347
85.577
92.562
97.436
96.098
90.594
86.042
86.042
90.395
91.241
87.288
87.047
94.712
75.843
99.443
92.202
89.655
88.496
95.135
93.952
96.364
98.305
98.305
85.616
98.333
99.197
98.246
96.911
89.779
90.741
90.741
81.794
81.794
88.443
97.590
87.681
87.349
96.047
93.418
90.487
93.966
97.602
82.550
93.034
91.154
98.551
86.526
96.804
99.367
98.083
98.083
88.532
87.713
97.980
97.980
94.059
97.166
95.714
96.970
79.865
98.454
95.000
95.000
91.489
84.615
97.455
93.578
95.597
95.597
95.833
95.833
96.648
96.648
93.561
89.197
91.241
95.556
97.333
92.375
90.612
99.412
95.357
99.585
96.190
96.190
80.990
96.078
92.857
96.226
93.103
93.846
97.695
85.835
79.524
92.283
92.283
96.128
97.351
97.351
97.248
97.248
95.522
95.522
97.833
97.351
97.351
97.248
95.413
95.522
98.585
85.659
85.714
97.602
98.936
98.693
96.795
97.938
96.132
88.182
95.692
97.419
91.720
91.034
98.058
86.503
99.462
86.448
95.946
92.334
89.349
96.410
97.484
96.364
96.581
92.593
93.046
98.810
97.222
96.190
98.916
93.750
89.313
90.000
93.478
88.274
89.655
96.866
90.827
98.462
97.561
86.420
87.500
96.682
90.842
93.082
89.880
94.152
96.078
96.078
99.597
98.425
99.160
97.076
90.964
90.698
97.253
93.370
89.933
79.947
79.947
96.296
88.864
98.993
99.111
90.476
92.593
86.010
75.697
90.816
99.537
99.099
99.596
98.438
98.438
98.630
98.655
95.341
96.273
79.175
71.558
89.071
94.048
85.427
99.194
99.119
99.286
95.652
99.438
93.370
98.246
83.202
90.909
84.195
96.000
96.970
90.683
87.755
96.178
96.330
98.333
92.481
94.030
95.172
92.424
94.012
94.393
88.312
85.921
97.613
92.208
97.283
87.755
97.826
89.756
93.103
92.593
98.889
97.778
97.886
86.957
95.513
89.683
82.710
82.710
93.333
87.721
93.684
91.781
98.936
90.647
99.587
99.587
93.506
93.506
98.598
99.541
89.506
99.298
90.426
99.495
88.942
88.942
86.585
98.701
97.531
96.309
98.741
81.614
98.942
87.543
84.322
83.099
83.099
93.827
99.691
96.918
77.778
96.933
84.746
97.857
97.857
99.296
90.566
90.566
83.275
90.210
87.050
84.161
84.187
82.266
82.266
79.722
79.710
80.273
80.273
79.792
79.792
79.749
79.724
79.910
79.884
79.267
79.267
79.113
79.113
78.936
78.936
78.775
78.775
79.126
79.126
79.477
79.446
79.210
79.177
78.438
78.438
79.045
79.045
78.201
78.201
77.704
77.667
79.163
79.163
79.833
79.833
80.257
80.211
79.686
79.686
79.128
79.128
81.959
81.959
78.776
78.776
80.805
80.805
84.426
84.583
83.673
81.928
86.207
84.571
79.098
99.552
98.930
99.237
96.698
88.953
93.706
85.500
89.011
99.451
84.615
97.414
88.961
94.091
81.588
87.857
87.857
96.725
90.063
98.083
94.294
78.505
78.505
82.869
90.385
85.714
83.333
99.263
94.611
93.043
97.644
98.611
82.983
90.000
94.012
94.304
99.320
90.890
95.312
98.540
97.872
97.826
82.222
78.959
78.939
89.744
89.316
88.415
99.083
99.083
92.761
99.507
99.200
91.339
88.604
98.701
97.945
84.134
86.528
97.945
88.268
90.058
97.538
94.416
98.795
89.868
86.486
96.988
96.988
94.326
94.326
85.192
81.955
82.599
87.083
81.250
93.333
99.507
94.581
98.630
97.625
98.214
98.214
94.763
97.285
95.699
96.344
97.460
92.500
92.500
86.434
94.872
87.069
86.477
82.383
81.746
99.451
99.234
91.099
98.190
75.546
75.546
99.298
88.158
85.567
91.912
83.010
96.482
89.220
85.246
98.214
94.737
84.127
84.127
98.925
98.842
97.942
94.076
96.154
96.053
91.476
93.392
99.422
82.779
82.779
81.395
81.395
97.531
97.531
86.364
86.364
80.051
87.124
99.213
92.063
99.537
86.316
81.746
99.174
95.812
95.032
85.511
93.407
85.161
85.161
95.032
85.511
93.407
97.826
98.035
95.679
99.713
97.967
90.701
89.354
89.354
88.559
88.559
90.374
90.374
93.793
93.793
86.813
86.813
91.057
91.057
91.304
91.304
92.308
92.308
89.706
98.990
96.585
99.015
96.226
98.936
96.296
92.473
97.345
97.345
82.075
81.905
86.058
85.922
96.774
96.774
98.058
98.058
96.047
82.449
91.603
91.667
98.496
96.448
98.810
98.810
98.422
98.422
98.810
98.810
87.009
89.513
76.115
88.372
92.547
98.276
82.767
90.566
83.197
99.219
92.019
81.405
81.405
88.162
88.162
86.878
86.878
77.627
77.627
82.115
81.384
83.721
79.839
87.705
97.886
96.045
94.805
78.486
99.596
94.059
94.372
98.319
80.500
88.601
84.742
91.388
87.783
92.871
96.923
86.694
96.850
84.536
84.536
92.453
92.453
99.231
97.959
97.222
83.603
96.371
96.443
86.571
91.250
84.444
98.661
92.574
96.899
97.900
90.637
83.958
87.838
98.756
98.485
98.925
96.759
86.420
93.296
99.061
93.215
96.585
99.306
84.359
99.242
98.214
87.500
87.500
92.202
89.655
88.496
98.148
95.429
99.270
99.270
87.009
89.513
82.983
91.071
91.071
82.443
82.443
94.671
93.089
90.506
97.802
93.215
94.752
92.744
92.885
92.754
90.674
94.074
95.074
93.548
93.182
93.133
91.411
98.582
90.991
96.460
98.127
98.127
85.780
87.702
90.385
97.826
83.796
81.231
85.752
99.149
81.375
94.286
80.847
88.152
99.074
94.928
95.392
99.710
87.324
91.818
91.818
92.593
98.065
84.967
97.814
95.906
86.448
90.400
81.095
82.906
94.946
99.430
89.071
81.818
94.667
98.839
79.235
79.235
93.514
86.885
96.804
97.744
92.265
95.041
89.655
89.655
87.845
99.448
93.627
98.477
98.916
94.737
97.945
99.556
84.639
84.647
81.579
84.639
84.647
81.579
99.265
86.902
88.550
99.479
90.960
86.364
76.805
99.174
94.595
96.429
95.431
90.184
98.810
98.750
98.000
98.000
88.532
87.713
97.357
97.119
93.034
91.154
98.551
84.848
98.068
93.908
93.827
96.825
98.246
82.317
87.543
84.322
92.893
97.807
85.083
87.755
92.982
95.000
96.907
83.571
99.107
98.276
98.276
89.655
95.364
83.158
81.873
99.412
94.828
98.151
97.129
95.035
98.109
98.109
97.934
87.755
96.283
94.667
94.667
95.652
96.283
97.436
95.930
90.870
91.589
97.468
98.889
99.209
96.843
97.598
99.435
77.654
81.873
78.125
90.486
95.503
94.364
86.217
99.415
98.611
87.374
94.792
96.970
98.394
95.982
99.115
98.673
84.416
78.546
83.197
99.432
95.604
88.344
93.962
85.854
84.195
90.909
90.486
94.872
92.000
89.855
88.023
90.725
93.706
93.706
99.216
96.667
89.212
98.925
85.827
87.200
88.387
85.047
98.113
94.272
91.483
94.709
94.595
94.279
98.893
99.644
93.843
97.561
83.607
77.483
95.588
83.516
95.930
98.337
96.721
98.462
92.164
81.908
85.784
96.552
94.065
89.671
92.489
93.706
93.706
99.588
85.286
98.182
87.970
81.460
98.889
97.992
99.242
94.783
86.294
99.649
99.301
84.677
76.061
98.462
94.141
86.269
98.933
99.074
91.506
97.436
91.506
93.194
97.344
86.525
94.752
92.744
92.885
92.754
85.714
99.167
84.615
97.625
97.468
97.900
90.637
83.824
83.824
98.450
96.981
93.939
94.152
83.423
83.871
99.408
98.810
87.077
87.077
82.123
82.123
88.023
90.725
92.537
95.000
97.628
94.817
96.429
92.513
92.513
86.494
86.494
90.741
90.741
92.611
92.611
89.510
89.510
90.000
90.000
82.857
82.857
97.222
98.413
98.438
94.415
94.118
89.606
93.075
96.591
88.333
86.920
92.593
86.364
97.101
97.101
88.804
95.990
98.253
84.444
98.462
99.234
97.436
91.280
76.127
96.371
98.137
92.568
80.822
97.030
97.516
94.828
98.229
95.349
99.388
98.893
75.767
97.163
98.450
82.646
96.970
98.795
99.630
99.306
97.166
95.714
89.243
97.368
97.368
95.652
95.652
93.750
93.750
90.196
90.196
97.222
97.222
91.304
91.837
91.667
95.442
89.474
96.209
99.213
98.734
98.954
99.048
95.503
94.364
86.217
99.415
96.603
89.868
86.486
95.635
97.753
99.512
93.510
84.411
99.048
99.048
90.260
88.545
88.545
96.000
96.000
94.737
94.737
96.774
96.774
92.031
88.493
88.401
94.495
97.605
92.941
97.436
94.262
97.260
98.551
96.970
96.970
96.774
96.774
96.774
98.083
97.890
98.392
99.550
91.349
91.349
90.374
91.617
98.649
87.728
93.750
91.582
91.582
85.437
94.578
94.845
94.643
95.781
88.919
98.844
98.844
86.667
85.475
98.182
82.072
85.333
85.333
86.284
98.936
99.177
84.615
84.615
85.166
81.955
98.913
99.206
91.375
91.375
95.745
95.745
96.296
96.296
96.350
96.350
96.629
96.629
97.674
97.674
92.031
88.493
88.401
94.495
97.605
92.941
97.436
94.262
97.260
98.551
96.970
96.970
96.774
96.774
96.774
82.069
92.489
92.208
97.283
89.920
88.398
84.974
93.697
91.720
90.964
89.844
89.844
87.435
85.864
90.533
93.750
98.013
92.568
97.163
96.774
90.385
99.320
85.714
92.381
90.826
87.850
94.366
80.510
87.719
81.197
86.885
91.538
98.370
98.000
76.444
89.767
91.391
95.364
97.267
99.405
98.760
96.190
93.162
91.117
81.726
98.261
98.558
90.805
98.905
82.993
98.544
99.320
97.778
96.474
97.386
85.065
97.546
98.413
99.250
84.741
85.556
85.556
81.967
97.764
90.141
93.506
91.045
97.110
91.033
80.645
93.496
99.174
98.462
97.500
95.812
98.851
98.125
89.220
85.246
97.436
97.826
96.309
89.655
85.965
99.333
95.191
97.674
96.624
90.449
99.517
97.902
97.902
99.225
88.596
75.445
98.851
98.125
98.354
99.225
83.202
96.875
92.817
88.646
96.234
98.539
96.970
76.268
88.268
75.654
97.500
95.303
95.215
93.033
94.258
81.735
97.297
77.604
94.059
98.701
98.701
88.136
84.951
99.270
99.107
86.486
85.965
91.339
84.259
92.473
96.759
89.560
89.560
83.884
83.884
87.037
87.037
82.955
82.955
83.983
98.425
99.160
94.093
88.889
93.443
97.337
92.817
99.479
99.479
96.117
96.117
98.137
90.291
97.021
94.203
94.776
98.095
82.895
93.574
95.238
81.818
89.474
89.474
90.654
90.654
91.404
87.647
98.160
87.745
89.759
98.160
83.221
99.465
88.443
97.590
96.364
88.667
81.863
99.454
99.454
89.500
89.500
89.447
89.447
91.099
98.190
83.686
91.667
99.000
98.246
98.246
83.260
83.260
96.721
91.667
95.781
96.273
90.385
98.839
87.407
86.443
93.182
93.194
87.097
87.097
76.420
87.137
99.537
96.517
97.403
88.136
94.633
98.710
96.714
96.269
91.111
82.873
97.387
95.833
99.738
97.705
96.875
97.980
79.327
98.598
97.861
97.692
78.168
89.011
90.890
95.312
93.418
90.840
97.959
88.487
90.863
88.696
88.696
88.487
82.436
82.436
84.674
84.674
80.165
80.165
79.292
79.292
98.684
87.977
79.153
95.638
90.832
82.526
98.165
98.630
90.580
90.580
96.947
85.224
97.872
99.643
98.921
96.128
99.242
98.873
94.928
95.392
94.966
94.966
95.495
95.495
95.918
95.918
93.464
93.464
97.333
97.333
97.333
97.333
94.521
94.521
78.061
95.652
93.333
93.333
93.333
93.333
95.652
78.061
90.476
90.476
95.804
91.525
95.804
91.525
79.149
79.149
98.630
98.913
99.206
90.857
90.857
91.558
92.806
88.889
93.333
93.985
96.056
98.165
97.943
95.643
88.222
99.600
99.196
99.242
98.261
91.071
97.222
99.394
96.288
95.833
95.833
99.083
97.122
95.977
94.012
94.393
89.720
86.842
98.568
98.113
90.336
88.372
97.838
98.413
89.655
95.556
96.444
94.595
99.738
94.643
99.275
99.771
98.300
98.958
98.025
97.701
99.015
96.226
98.936
89.796
99.180
89.153
88.053
88.776
98.450
98.345
95.676
93.680
99.160
97.596
96.020
91.463
80.296
81.310
83.582
93.970
98.347
97.863
96.305
98.350
90.506
87.413
95.402
97.403
96.875
95.522
99.483
84.741
97.484
90.040
98.298
97.073
85.714
85.714
74.570
80.795
78.698
92.273
89.597
92.265
92.265
93.574
99.270
99.422
85.567
91.912
88.013
95.906
94.958
95.833
99.573
99.573
99.415
89.412
96.725
89.272
89.880
86.364
91.979
86.335
79.775
79.710
98.122
99.497
84.589
99.270
85.855
90.526
78.916
92.655
92.655
97.382
84.848
82.265
98.675
98.675
95.385
95.385
85.211
85.211
91.429
91.429
85.185
85.185
83.704
83.704
88.889
88.889
95.265
96.891
95.980
94.939
99.438
87.746
97.375
82.081
98.013
88.312
84.815
83.860
78.034
75.583
97.765
92.488
95.652
91.772
96.194
99.563
99.563
88.679
88.679
85.027
85.027
91.772
95.556
95.556
96.000
96.970
97.312
92.308
99.132
99.111
98.905
82.993
99.342
99.342
97.044
89.375
99.180
99.180
98.630
93.478
98.630
90.870
91.589
97.468
93.162
87.746
94.946
96.891
85.857
99.760
82.526
83.784
83.784
84.892
99.291
82.609
88.818
99.441
98.582
98.485
90.152
81.588
81.675
99.404
90.055
85.399
85.399
99.115
95.833
91.729
91.071
98.095
95.408
99.219
81.734
87.821
87.571
85.000
99.443
89.205
90.782
89.205
92.143
86.538
83.936
91.855
89.552
96.928
95.420
92.795
87.755
96.178
96.330
86.000
89.778
91.787
93.035
85.666
86.230
92.488
83.784
97.143
87.435
85.789
90.594
99.263
94.611
96.842
96.842
98.113
79.356
97.807
98.163
83.537
90.291
83.537
90.291
99.221
97.826
90.625
90.625
97.826
95.408
97.761
96.243
98.261
98.558
90.805
98.214
93.075
96.591
95.263
89.606
94.415
94.118
87.544
91.845
87.544
91.845
99.301
99.401
99.588
98.408
93.548
95.706
96.581
93.798
93.798
88.462
85.942
85.987
88.235
89.272
87.766
91.971
93.519
93.701
93.165
91.608
97.512
93.805
99.537
97.753
97.340
87.755
92.982
93.046
96.809
96.602
98.163
96.923
97.041
95.402
91.139
96.804
97.403
96.053
94.253
89.243
98.630
98.630
95.191
98.792
97.884
97.285
98.734
98.182
88.136
96.364
96.581
91.200
91.200
92.593
93.182
92.593
93.182
97.842
82.383
98.035
95.679
91.729
92.188
92.222
97.059
97.193
98.165
86.179
96.629
98.578
79.727
94.690
94.690
99.138
80.682
80.620
91.549
99.174
99.237
99.237
84.018
90.515
99.644
86.486
99.333
99.231
99.231
89.767
94.854
94.854
94.955
94.955
94.436
94.436
94.521
94.521
94.249
94.249
93.725
93.725
93.764
93.764
93.564
93.564
92.758
92.758
93.891
93.891
92.193
92.193
91.518
91.518
88.827
88.827
93.630
99.747
94.832
95.060
94.703
94.814
94.521
94.637
94.249
94.371
93.725
93.852
93.946
94.305
93.564
93.467
92.758
92.918
93.631
93.831
92.193
92.395
91.518
91.743
89.595
89.820
94.832
94.832
95.060
95.060
94.814
94.814
94.637
94.637
94.371
94.371
93.852
93.852
94.305
94.305
93.467
93.467
92.918
92.918
93.831
93.831
92.395
92.395
91.743
91.743
89.820
89.820
93.630
99.747
94.832
94.933
94.436
94.409
94.521
94.492
94.249
94.216
93.725
93.686
93.764
94.118
93.564
93.267
92.758
92.697
93.891
93.831
92.193
92.105
91.518
91.403
88.827
88.636
92.857
92.857
87.413
90.184
97.283
92.398
87.895
96.694
95.142
86.989
94.737
97.222
96.694
90.071
99.642
99.642
81.466
88.636
74.590
98.846
98.851
99.074
96.344
94.763
97.285
99.250
97.959
97.959
87.349
97.073
97.992
99.344
89.655
83.235
83.235
91.946
91.946
87.170
99.189
99.189
96.457
97.727
93.846
97.727
93.846
93.919
93.919
85.547
85.547
98.507
97.917
91.071
94.712
75.843
81.564
88.350
89.524
89.524
85.135
85.135
88.525
88.525
92.135
92.135
93.574
90.698
90.058
97.538
95.652
96.875
99.048
91.739
87.561
87.561
93.750
93.750
85.857
99.248
86.975
86.975
88.820
88.820
98.350
90.506
94.608
96.047
94.608
99.528
97.619
99.512
96.078
78.723
78.723
96.234
99.656
74.570
81.780
98.837
98.148
97.260
95.699
97.959
99.057
99.057
99.713
97.967
99.531
99.531
97.222
83.846
96.639
99.420
98.734
98.710
82.910
91.146
91.146
82.622
85.241
97.267
87.705
87.705
98.588
80.645
98.314
99.656
99.194
97.125
99.194
97.125
97.695
96.701
83.436
83.436
89.437
89.437
97.826
97.059
97.024
88.136
84.951
99.600
90.541
88.372
94.065
76.573
86.982
97.279
96.000
96.000
88.387
98.585
86.010
98.485
98.925
91.441
88.095
95.513
96.835
92.466
92.466
88.910
96.970
97.802
85.124
88.571
88.571
95.146
99.342
99.342
76.190
93.431
95.902
90.071
95.990
98.253
77.809
98.370
88.172
94.937
87.500
82.090
84.884
98.083
97.890
87.374
94.792
96.970
86.842
77.824
78.739
96.923
97.835
86.316
94.643
89.730
90.050
95.666
95.666
86.104
86.104
91.892
91.892
82.930
94.521
94.521
80.286
87.891
82.448
87.891
99.505
94.361
77.037
92.593
94.633
77.778
87.983
85.185
89.706
99.550
87.721
93.684
91.781
96.049
83.274
97.297
87.719
77.844
86.607
86.607
97.253
96.053
90.909
90.909
88.596
96.296
89.796
97.368
99.216
97.345
96.034
90.323
90.323
97.403
97.403
96.885
81.222
81.222
97.819
81.384
87.705
92.837
92.837
89.048
89.048
88.571
88.571
83.065
93.590
98.473
96.667
93.548
93.865
92.105
92.718
86.347
85.577
87.977
89.143
87.919
87.919
86.111
86.111
80.442
80.442
77.809
77.933
98.163
97.297
83.471
84.651
86.517
86.517
84.651
77.720
77.720
96.290
98.253
97.753
86.538
83.936
81.643
98.305
96.237
81.643
99.119
95.455
95.455
98.942
90.265
90.265
83.958
97.403
99.180
93.506
84.324
92.672
99.495
94.737
97.863
96.305
96.552
91.011
90.291
97.021
94.203
94.776
98.544
94.410
88.776
95.122
92.908
81.031
97.840
82.727
83.019
93.532
84.615
89.778
97.835
93.478
91.538
97.344
88.953
92.574
98.635
96.479
95.652
96.078
98.300
94.595
98.182
99.649
99.200
98.630
99.552
98.551
94.245
93.056
94.076
96.154
96.894
86.902
90.449
90.063
88.136
98.933
89.100
89.100
91.139
96.804
94.361
79.046
98.507
87.387
95.652
99.526
98.701
99.737
87.119
87.170
83.607
93.416
83.255
97.938
92.063
90.698
98.387
98.529
95.455
95.455
91.280
87.918
84.211
95.652
92.941
90.336
88.372
97.838
98.413
97.260
96.129
93.548
95.706
96.581
98.077
99.415
99.415
88.158
99.242
81.614
98.611
96.933
81.707
98.214
95.385
99.000
92.174
81.730
98.214
99.000
92.174
91.404
87.647
95.652
86.230
85.666
89.258
88.211
76.507
98.901
98.462
82.265
94.697
97.917
95.640
98.225
92.958
92.958
83.621
83.621
94.456
94.456
97.884
97.884
97.945
97.945
92.962
92.962
97.500
97.500
93.293
93.293
98.024
98.024
91.765
91.765
93.103
93.103
94.798
94.798
96.032
96.032
99.074
99.074
75.741
75.741
94.253
94.253
94.253
94.253
93.103
93.103
93.103
93.103
93.103
93.103
86.777
86.777
97.101
97.101
85.470
85.470
76.042
76.042
77.465
90.741
90.741
77.465
88.889
88.889
84.821
84.651
84.651
81.858
79.570
99.127
82.072
99.099
97.778
96.330
98.477
98.457
98.810
80.934
80.934
92.347
92.347
96.667
96.667
83.582
88.324
84.362
91.606
91.606
95.000
97.279
97.129
99.237
94.000
95.265
83.962
98.122
91.121
99.029
87.654
97.166
93.403
99.324
99.187
98.846
98.819
97.345
76.087
95.570
82.081
82.576
86.372
91.698
93.519
95.833
91.739
91.739
91.119
91.119
97.727
91.589
87.137
83.010
96.482
91.603
93.726
97.917
83.784
96.538
81.529
88.776
98.476
97.260
98.261
87.952
87.952
84.737
82.632
89.756
93.103
92.593
99.074
81.735
82.272
82.272
96.585
78.842
78.850
78.473
78.451
76.230
76.230
76.163
76.163
78.032
78.003
75.948
75.948
74.301
74.301
76.227
76.227
99.468
81.347
79.688
99.468
81.579
79.894
95.052
91.509
91.509
99.275
99.275
76.313
83.460
94.152
97.183
99.479
98.568
97.674
97.740
97.959
97.458
96.682
96.682
98.446
97.441
94.898
96.732
98.450
96.577
96.350
79.570
95.011
96.692
96.842
83.686
91.667
92.529
98.020
93.962
85.854
83.860
92.203
82.186
81.780
95.102
97.674
96.748
94.702
79.825
96.101
97.010
84.677
98.396
89.394
90.865
94.737
71.429
99.099
99.099
92.388
91.717
98.630
98.630
93.952
96.364
99.194
86.921
81.734
87.821
87.571
85.000
83.784
92.744
92.744
98.571
98.571
95.343
91.538
94.152
97.183
76.648
98.635
92.388
91.717
94.595
94.272
91.483
94.000
91.549
83.962
96.026
96.714
96.269
91.111
91.946
91.946
91.304
91.304
89.597
93.697
78.739
89.209
92.334
84.706
84.706
99.327
97.050
95.748
87.156
87.156
93.478
93.478
90.960
86.364
97.297
87.146
90.826
91.333
87.146
90.826
91.333
84.058
98.238
98.701
99.457
99.737
98.582
97.222
97.222
80.969
98.174
96.257
99.479
87.970
88.514
93.023
93.158
91.852
87.742
88.136
96.970
96.211
96.859
79.268
79.268
97.705
96.875
93.842
99.029
99.138
93.842
98.851
96.571
91.220
95.425
96.190
93.162
93.750
89.313
97.970
94.366
94.737
95.052
98.137
97.436
98.795
97.797
94.545
95.687
99.448
99.123
99.123
94.595
96.429
80.408
78.283
93.803
90.625
96.101
93.182
97.959
97.959
99.083
99.083
93.897
98.246
98.246
94.000
89.286
99.197
99.420
98.930
84.444
90.701
86.242
95.973
98.551
93.865
92.105
88.571
88.571
89.224
96.660
98.655
79.524
85.811
91.304
91.837
98.529
98.068
78.101
96.396
96.396
90.179
90.179
89.545
94.915
94.915
89.545
92.973
92.973
89.286
89.286
80.537
80.537
97.740
91.121
96.571
87.047
98.928
94.588
96.154
99.061
82.930
99.138
99.029
91.803
90.594
92.273
92.273
96.705
94.685
92.727
87.500
98.851
98.039
93.750
95.726
84.507
94.737
97.129
99.237
79.949
87.124
99.213
92.063
87.719
84.762
84.762
81.695
97.778
94.355
94.355
86.989
94.737
89.137
85.843
80.263
96.907
87.432
83.246
96.701
81.908
85.784
91.011
91.176
91.011
98.214
98.246
99.231
98.667
94.215
94.643
99.528
99.528
95.142
99.160
99.160
97.934
98.182
99.153
96.226
76.154
76.154
87.342
87.926
87.926
97.838
98.851
78.075
78.075
75.063
78.630
92.995
94.022
94.022
87.395
87.395
93.416
83.255
97.938
92.063
99.490
95.000
99.490
95.000
78.417
80.500
83.008
83.008
91.304
91.304
79.008
89.744
89.316
88.415
83.696
83.696
90.389
85.246
83.041
91.379
96.175
95.676
99.010
86.087
86.087
96.296
98.039
96.454
90.962
89.655
93.596
97.917
93.403
89.522
98.462
99.251
99.351
80.847
88.038
97.957
95.798
94.898
96.602
96.875
96.651
95.652
94.059
97.468
82.905
97.468
94.737
89.286
99.630
86.571
91.250
84.566
84.566
96.970
97.152
98.396
84.337
98.095
97.814
80.620
91.549
97.744
92.265
98.765
95.442
97.222
99.394
99.507
91.729
99.221
95.847
97.479
90.323
90.323
99.412
80.723
87.843
86.443
93.182
75.697
95.812
95.031
99.760
98.137
98.137
91.803
95.588
76.396
88.864
98.993
96.889
96.889
86.467
96.175
96.175
95.035
95.035
92.929
92.929
87.719
83.840
86.247
83.820
92.308
86.842
86.231
93.612
79.330
85.216
85.216
92.458
90.256
87.742
92.458
91.575
95.635
90.816
84.024
93.103
84.024
93.103
99.482
99.301
97.462
97.462
87.918
84.211
96.056
98.165
90.123
99.083
99.225
99.225
99.213
99.213
98.291
93.089
96.296
98.198
98.100
93.574
95.238
84.211
84.272
77.500
77.500
75.912
77.567
77.567
75.583
75.583
79.657
79.657
75.869
82.449
75.543
75.543
81.579
85.437
99.288
96.624
90.449
88.022
87.336
86.007
98.925
98.507
98.507
93.750
95.726
98.540
97.237
96.970
97.237
96.970
99.132
98.925
96.682
87.736
94.954
94.574
88.372
88.372
97.193
89.919
81.197
84.833
83.516
96.928
95.420
97.297
92.373
95.652
89.434
96.053
85.000
97.840
88.207
92.202
97.381
94.737
82.646
96.981
92.000
92.000
99.123
89.564
95.833
92.308
92.308
90.351
96.774
97.506
93.333
97.414
97.414
95.781
85.809
83.333
85.025
92.562
90.341
85.030
96.636
98.392
93.803
90.625
99.600
97.692
97.692
96.789
97.917
97.222
95.946
93.085
96.203
81.967
97.211
96.479
95.652
80.000
85.600
79.979
85.600
86.577
80.579
80.579
83.198
81.105
83.648
83.648
84.545
84.545
84.561
89.894
98.889
98.889
83.275
90.210
87.050
92.679
92.679
84.746
84.746
94.595
94.595
98.113
93.820
90.476
91.579
89.216
89.189
94.000
94.872
94.872
99.643
98.780
98.780
92.593
92.593
94.231
94.231
94.048
97.992
88.889
88.889
91.388
93.333
92.562
97.436
89.686
89.686
90.476
91.852
91.852
94.215
94.643
98.521
95.122
97.382
93.370
82.545
88.818
99.265
91.391
90.782
95.279
96.703
84.337
89.710
89.710
95.011
96.692
96.842
85.204
85.204
99.197
97.945
97.674
97.475
82.115
81.337
83.721
79.839
87.705
82.720
82.720
82.830
78.636
79.197
78.740
78.339
81.390
89.130
83.577
83.178
94.271
94.271
79.944
79.944
88.824
88.889
85.143
85.143
79.758
79.758
91.716
91.716
88.608
97.222
99.320
97.403
95.000
89.474
99.482
98.454
98.454
99.248
99.248
98.750
98.750
99.482
94.393
86.269
97.727
97.727
94.241
94.737
85.409
98.928
95.356
95.356
98.000
97.826
85.714
85.714
92.424
98.387
98.387
96.791
90.411
94.545
94.545
91.083
91.083
93.626
87.793
90.924
95.652
92.941
93.626
87.793
89.538
90.924
98.136
92.424
98.136
92.424
91.705
91.705
79.904
79.904
81.538
77.033
77.033
81.538
89.333
89.333
97.368
97.368
97.368
97.368
87.279
87.279
97.727
97.727
98.795
98.742
99.359
98.578
93.467
95.425
99.515
97.378
90.459
90.459
98.710
98.710
86.842
94.068
94.068
75.915
97.154
98.765
79.402
97.635
97.635
98.578
91.549
85.714
96.000
96.000
92.553
92.553
98.507
98.507
98.507
98.507
91.339
90.323
84.000
84.507
95.283
95.283
98.551
85.366
95.946
94.253
88.136
97.196
91.358
91.358
90.256
90.449
88.013
95.906
94.958
79.825
87.372
90.345
86.526
96.804
84.755
91.324
92.254
90.816
84.715
98.961
97.561
99.153
98.039
93.897
98.246
80.017
80.017
74.863
74.863
77.022
77.022
74.177
74.177
88.207
92.202
91.441
88.095
84.783
93.407
87.742
96.226
90.962
89.655
99.605
99.327
97.050
95.748
93.333
99.333
96.110
87.654
96.552
91.011
95.837
95.837
96.718
96.718
96.262
96.262
95.594
95.745
95.745
96.194
96.194
95.498
95.498
95.119
95.101
95.101
94.786
94.786
94.429
94.429
94.018
94.018
93.543
93.543
92.986
92.986
92.323
92.323
91.522
91.522
90.777
90.777
89.560
89.560
88.291
88.291
86.194
86.194
81.659
81.659
84.024
84.024
85.950
85.950
99.378
98.582
98.571
84.038
99.219
94.958
93.794
99.194
99.194
95.455
95.455
73.814
87.297
87.297
87.179
93.617
77.604
94.059
93.617
81.548
89.564
95.833
98.810
97.222
96.190
84.783
94.969
94.667
98.684
98.792
93.165
91.608
97.512
93.805
91.698
93.519
95.833
97.211
88.889
95.868
88.889
97.927
90.909
96.313
80.977
86.463
98.374
97.381
94.737
94.857
94.857
89.474
89.474
89.437
96.875
96.875
93.548
86.806
95.312
93.548
86.806
95.312
75.654
91.304
91.837
94.581
97.152
98.765
98.611
99.417
95.000
97.628
91.121
94.574
94.574
89.286
99.600
99.600
87.023
87.023
89.773
89.773
97.701
89.706
96.970
94.342
89.804
85.163
82.938
97.990
85.926
95.187
90.909
92.784
98.901
98.901
84.974
99.342
88.889
93.805
94.737
91.418
88.608
97.222
94.332
92.216
96.970
92.632
83.221
99.010
95.664
89.394
87.288
85.809
83.333
93.798
81.375
98.621
96.296
96.296
87.500
97.010
97.479
96.171
96.171
99.065
97.714
98.473
84.132
88.889
88.889
95.664
97.119
90.286
94.048
94.048
97.222
98.701
96.410
99.485
95.652
95.652
95.628
92.035
94.737
99.020
99.485
99.160
98.995
98.995
91.209
81.646
86.957
86.957
94.444
94.444
91.209
86.528
94.954
94.574
79.239
79.239
89.815
89.815
86.667
89.157
86.667
89.157
99.306
99.306
98.413
83.871
80.263
97.368
97.059
76.115
98.667
92.000
92.000
96.850
96.850
97.441
85.185
85.185
85.900
88.596
81.081
96.813
99.476
96.135
85.652
86.747
81.564
81.667
96.135
85.652
98.198
93.195
91.429
77.747
92.694
92.694
89.116
89.116
96.992
89.989
94.611
95.238
90.042
98.824
94.000
99.156
97.487
89.989
94.611
88.148
92.254
90.816
82.675
82.675
97.041
90.226
90.226
96.970
96.970
91.667
91.667
84.615
84.615
87.065
87.692
79.798
91.279
91.279
91.150
91.150
88.496
88.496
84.794
95.270
84.808
95.270
89.354
89.354
99.415
