99.292
98.451
97.980
98.491
97.228
92.907
95.238
92.121
96.774
87.136
94.737
91.638
97.587
98.333
99.270
94.774
83.740
88.986
89.189
98.086
90.458
87.000
95.652
94.960
94.077
98.939
98.156
99.015
95.860
96.903
96.936
97.297
99.616
95.280
97.778
97.308
97.794
96.753
98.513
99.130
98.354
98.354
96.429
79.009
96.266
94.163
97.039
91.645
88.068
92.330
96.120
97.510
93.651
97.692
96.970
98.047
98.059
98.919
94.695
98.171
96.774
94.843
95.642
99.091
92.517
98.369
97.811
93.396
92.558
96.606
96.255
96.124
96.990
97.556
97.895
98.052
93.558
96.736
96.835
98.556
90.132
96.842
97.046
95.725
96.689
96.552
96.552
98.825
99.670
95.918
98.502
95.890
98.062
99.084
98.847
97.456
94.954
96.721
97.335
97.406
96.843
94.395
97.009
97.232
97.048
97.899
98.224
98.161
95.531
94.814
96.943
95.869
95.671
98.344
96.599
96.319
95.513
96.194
96.341
96.474
98.214
95.910
90.625
95.545
96.176
98.655
96.849
95.556
88.333
98.476
97.418
97.245
97.557
86.667
96.403
96.558
95.864
92.612
92.708
97.004
97.936
90.459
91.176
95.755
97.004
92.800
98.259
99.458
97.554
98.864
98.493
98.489
93.204
97.377
91.558
93.836
79.111
90.040
97.619
97.133
93.000
92.108
97.300
97.857
97.701
97.115
98.800
97.143
98.480
98.885
98.905
95.433
92.885
93.617
98.507
93.583
94.255
94.161
93.525
98.929
94.245
97.517
96.707
96.875
95.276
96.698
95.791
98.378
97.280
96.068
95.210
96.610
98.291
96.703
97.080
95.575
85.612
97.826
97.462
94.105
95.793
95.926
93.583
97.229
96.250
96.651
82.452
85.014
80.000
77.165
74.457
82.418
76.339
94.360
96.078
98.095
96.104
98.325
96.711
95.796
94.258
99.020
97.753
97.059
96.748
97.843
98.095
97.333
96.475
97.826
98.082
97.897
98.109
97.333
96.475
96.018
97.468
93.868
85.714
97.548
96.970
91.221
95.091
94.186
98.739
96.899
94.646
87.678
96.970
96.618
96.631
96.841
98.675
94.037
99.524
95.583
97.667
96.901
98.936
98.110
98.969
96.916
98.634
98.300
92.957
96.337
98.657
94.493
98.214
92.946
96.990
98.470
98.657
99.142
90.613
88.327
95.604
95.302
95.614
99.789
94.554
91.829
87.109
93.293
94.659
81.609
85.714
97.484
95.806
97.901
98.618
94.261
96.508
92.000
93.700
97.436
95.690
94.585
98.174
98.837
95.333
97.530
94.088
98.801
88.762
94.108
93.583
91.884
97.183
99.027
94.647
95.227
97.130
98.347
98.446
99.149
97.174
97.248
88.861
92.754
94.509
97.847
97.000
97.031
99.306
96.796
98.361
96.842
91.667
94.323
97.861
97.044
96.429
98.199
96.133
96.239
97.606
98.972
94.764
96.844
97.765
98.679
98.551
89.965
93.077
93.127
97.285
97.381
95.184
95.447
99.057
97.297
95.846
98.913
96.599
97.500
95.671
98.544
98.326
98.036
96.393
96.392
94.395
93.970
95.484
98.344
99.237
98.667
97.718
96.847
95.736
95.775
95.775
95.259
98.913
98.343
97.342
95.423
90.933
96.348
96.490
97.639
97.048
95.307
95.941
95.586
96.718
97.204
93.785
97.721
99.281
97.481
95.851
96.594
98.166
93.447
96.034
96.337
94.771
95.111
96.564
96.016
98.276
95.692
92.000
94.357
94.022
98.473
96.035
89.370
98.104
96.865
96.641
97.596
98.256
96.124
96.943
96.707
97.368
98.291
98.198
99.038
99.012
98.969
94.761
95.870
98.913
99.048
96.643
97.022
97.706
95.565
98.352
93.827
97.531
97.578
97.773
97.647
94.222
93.243
94.931
98.148
98.214
94.857
93.810
98.148
95.868
92.182
95.536
91.286
96.523
95.565
97.998
97.270
97.527
95.652
95.588
98.595
97.005
96.154
92.308
94.684
99.048
96.667
96.965
98.805
97.526
95.168
96.928
99.422
96.936
99.415
96.809
99.015
94.004
93.682
96.000
98.276
94.684
99.048
96.667
96.965
98.805
97.526
99.422
95.364
98.305
98.087
94.977
99.109
95.410
97.328
96.281
95.522
90.233
97.183
97.849
97.508
92.140
92.558
83.333
97.475
97.220
89.965
94.503
95.699
97.849
96.623
95.812
96.667
95.765
97.819
94.325
94.309
96.139
96.535
95.902
97.260
98.214
98.462
97.260
97.585
96.979
96.571
96.262
91.963
94.139
93.266
92.073
95.288
96.606
93.488
95.209
96.748
97.895
98.025
94.940
97.982
95.957
96.040
95.032
95.395
97.665
93.966
95.697
94.340
96.066
95.248
94.330
95.784
97.256
94.382
94.218
96.399
96.952
97.368
91.492
97.765
86.381
98.806
98.259
92.019
91.233
97.101
95.984
97.761
97.973
97.426
93.573
99.015
96.438
99.379
95.868
93.883
99.107
90.939
95.600
95.181
96.032
97.126
95.272
96.479
96.154
96.637
95.553
93.706
94.650
98.020
96.135
95.902
96.364
96.429
95.902
95.185
88.615
88.462
87.587
87.470
87.952
87.650
87.613
87.717
86.833
87.500
86.196
86.015
85.539
86.372
86.661
86.546
86.814
87.529
85.608
91.356
86.211
87.414
85.660
89.688
88.225
89.320
89.890
89.059
90.594
89.415
89.560
89.032
84.789
88.971
91.954
86.239
90.698
92.045
93.750
95.000
97.143
88.889
90.656
88.560
88.802
88.757
87.795
87.377
87.475
86.564
86.248
86.535
85.853
86.255
85.686
85.375
84.843
85.804
86.042
86.712
84.783
88.509
88.791
89.362
88.079
89.256
91.542
86.256
93.860
94.828
91.489
95.238
87.230
97.152
96.634
98.540
97.661
98.246
97.174
97.059
97.319
99.130
98.596
96.817
97.530
97.477
95.897
97.561
96.030
98.113
94.253
98.870
95.184
95.290
97.862
95.882
93.391
96.172
99.057
99.057
96.313
96.049
77.872
97.531
98.477
97.945
96.939
97.802
98.000
98.394
96.032
85.881
96.523
95.565
97.998
97.270
97.527
95.652
95.588
96.398
96.306
96.992
95.283
96.712
95.366
98.507
96.626
95.000
96.033
94.951
97.510
89.723
92.857
92.822
96.502
96.259
96.718
99.465
95.697
93.522
96.021
98.805
97.297
96.412
97.581
97.716
95.802
95.914
95.717
98.936
90.515
96.875
96.014
95.726
96.443
92.059
97.407
97.613
96.894
97.764
94.156
97.427
93.846
96.419
97.076
95.232
97.287
97.262
95.897
95.885
97.970
99.065
96.815
89.302
97.237
97.062
97.665
86.784
96.660
97.835
97.890
96.943
95.869
96.939
97.744
97.489
85.965
98.919
98.151
96.537
97.378
97.857
98.485
96.161
98.398
97.361
94.316
92.466
93.443
99.631
98.652
90.957
95.159
94.563
89.892
92.473
86.600
97.864
97.857
98.333
94.815
95.192
97.904
98.813
99.111
95.860
97.584
94.501
96.018
94.228
98.199
96.115
94.806
91.066
94.083
95.540
96.253
91.887
96.353
98.502
99.614
98.044
97.765
98.928
98.305
96.454
99.504
99.504
96.350
96.032
96.106
93.878
94.805
94.186
99.052
98.715
94.759
92.843
97.059
94.937
92.586
91.707
96.050
96.793
96.286
91.237
96.491
96.856
97.866
97.531
96.215
97.816
88.068
98.132
96.324
89.437
96.660
94.863
91.731
97.349
99.187
96.675
98.739
95.969
98.286
89.560
87.273
86.588
95.421
97.959
96.216
95.726
98.649
97.394
94.966
96.685
97.020
97.432
92.210
95.276
98.214
93.261
98.413
97.814
96.012
97.506
96.558
85.492
94.586
90.877
90.909
95.960
96.191
92.297
93.333
92.620
98.106
94.271
97.643
91.508
96.629
94.815
97.196
98.336
97.333
95.522
95.402
91.892
95.806
96.584
91.288
97.749
89.464
96.221
95.761
97.890
94.062
99.091
96.066
96.024
95.946
89.877
95.522
93.671
96.552
96.072
98.191
96.601
97.884
88.000
98.755
96.125
93.623
91.765
86.441
97.436
95.299
98.361
96.296
96.059
97.286
99.303
95.735
95.572
97.356
96.135
97.030
96.316
96.809
97.608
97.934
96.774
98.525
98.674
96.471
97.140
98.431
88.519
96.774
98.525
98.674
96.471
97.140
98.431
96.406
97.817
95.950
92.989
97.172
77.478
80.309
75.219
75.164
76.779
76.003
78.043
86.275
97.569
98.012
97.510
98.010
92.227
95.050
96.177
94.704
96.571
94.434
98.726
98.527
94.340
73.435
87.956
83.117
92.498
85.000
93.229
94.690
95.238
97.436
98.969
96.784
95.972
94.255
96.673
99.134
97.879
98.938
92.913
99.546
96.440
95.858
92.857
95.283
97.305
98.182
94.023
95.325
94.760
93.893
96.443
96.978
96.220
96.664
94.503
96.978
96.220
96.664
96.262
99.156
92.826
95.082
94.444
98.673
96.835
98.605
94.318
97.507
96.599
96.643
96.189
94.118
97.143
75.000
87.149
97.046
96.122
97.376
94.928
97.225
96.552
97.917
98.661
96.660
99.150
98.592
97.216
98.649
89.464
98.190
98.416
97.381
95.035
93.923
97.656
95.025
86.515
98.284
93.759
94.065
96.575
79.865
95.134
87.565
97.913
96.324
96.744
95.200
97.643
98.308
97.251
97.727
91.573
89.194
97.863
98.227
96.207
99.291
95.376
94.382
97.312
99.411
96.667
97.641
94.668
94.855
97.956
97.170
97.930
98.312
97.458
96.369
97.068
95.031
96.753
88.722
90.889
93.396
90.889
93.396
90.188
93.175
97.238
99.167
97.718
98.344
99.237
98.667
96.109
99.160
94.318
94.203
97.089
96.101
94.352
97.216
98.183
97.297
98.004
96.030
98.649
96.127
96.033
80.081
96.515
96.981
93.909
96.651
98.242
94.737
99.149
97.222
97.436
95.833
88.172
89.570
94.758
95.906
97.984
95.399
95.775
97.143
95.192
94.030
94.853
97.376
97.525
99.206
99.535
97.490
94.643
96.181
97.245
87.246
93.617
98.475
94.203
96.800
93.921
97.500
94.278
96.795
95.276
93.171
95.631
91.987
92.031
90.250
95.726
94.415
90.637
94.340
96.137
97.872
95.675
96.629
96.689
97.959
92.283
97.343
97.971
95.726
97.357
94.324
90.286
95.821
98.783
93.031
98.936
95.047
96.875
95.491
97.340
97.758
94.104
97.863
95.583
94.037
96.708
96.269
91.589
95.900
97.436
92.308
98.802
99.642
94.586
95.122
98.423
98.969
98.172
96.829
97.658
97.665
96.700
98.410
98.008
98.617
99.265
88.889
97.778
97.995
96.341
95.854
79.439
95.143
94.429
95.174
96.899
98.338
98.000
98.824
93.649
96.469
98.413
97.619
98.387
93.455
96.491
95.211
97.015
92.981
97.482
97.368
97.712
98.000
95.856
98.881
99.713
93.861
97.377
96.901
92.871
94.514
97.538
98.291
96.352
96.624
93.985
89.457
80.443
96.850
96.703
90.833
98.876
95.541
98.933
96.578
93.843
96.649
95.918
94.333
93.009
96.578
93.843
96.649
95.918
94.845
94.727
94.536
88.735
96.869
97.059
99.411
90.404
97.973
86.881
94.118
93.827
95.238
99.429
94.521
94.902
96.552
98.243
96.380
96.501
96.841
92.409
94.713
98.286
94.129
87.582
93.258
95.767
94.618
93.834
95.622
97.080
98.509
99.203
97.674
99.415
95.846
98.113
98.276
97.723
93.350
90.574
99.726
99.265
99.726
99.265
95.000
95.990
98.229
96.721
98.718
97.610
95.699
98.369
96.405
98.230
92.527
92.754
95.096
97.778
98.747
96.991
80.000
98.977
96.086
97.654
95.005
98.577
85.281
88.701
90.179
97.062
96.651
96.758
96.271
96.863
94.915
96.769
97.689
87.137
81.132
82.895
94.872
99.153
93.257
97.885
98.062
95.098
96.552
97.897
98.942
93.883
92.522
96.136
99.219
94.463
96.715
98.485
95.900
98.814
99.115
96.940
96.129
93.719
95.325
94.783
94.250
97.872
91.633
98.010
98.834
98.602
96.953
98.630
97.391
92.651
97.179
97.782
94.872
98.012
96.106
93.884
86.500
96.078
96.189
96.614
97.381
98.148
95.232
94.811
83.288
97.917
93.924
95.939
97.917
96.465
95.199
94.545
94.747
96.325
95.973
98.901
95.645
95.280
97.778
97.308
97.588
85.993
89.486
86.588
95.421
97.959
95.969
98.286
94.774
96.207
94.340
96.026
96.000
96.790
95.839
91.597
97.802
96.500
97.957
94.079
97.727
95.340
98.519
96.667
97.184
97.164
95.341
96.694
96.033
90.254
97.571
96.532
98.353
95.504
96.515
94.667
96.667
95.652
90.716
96.708
96.071
96.320
97.521
95.745
96.131
97.887
95.980
96.571
96.759
96.460
95.070
96.474
93.320
97.386
97.826
97.018
97.271
97.449
94.802
96.625
99.296
98.333
99.296
99.217
97.842
97.297
97.826
96.822
97.965
96.124
93.878
98.542
98.772
98.797
98.091
97.076
94.357
94.922
97.906
98.046
97.619
97.647
97.500
97.638
97.785
95.833
95.476
98.305
99.138
96.370
92.981
97.482
97.368
94.790
97.906
97.087
96.737
95.604
93.204
96.560
94.882
95.455
96.863
95.389
93.333
98.627
95.997
96.429
92.490
97.782
96.794
96.565
98.351
96.970
96.552
98.810
98.242
96.448
98.134
98.891
97.639
95.570
96.503
98.153
96.396
97.170
95.090
95.985
99.219
96.330
96.000
98.077
98.537
92.353
93.243
93.801
94.787
93.333
96.993
97.368
95.858
96.449
97.183
97.679
89.686
96.785
93.596
94.000
95.784
97.541
97.802
99.225
93.968
97.952
94.367
94.737
95.879
97.264
93.804
96.489
96.341
92.215
83.216
98.496
85.582
84.379
85.650
83.597
82.687
83.005
80.796
79.255
86.454
83.193
83.355
83.949
81.556
82.866
79.564
82.453
80.470
79.615
81.616
85.496
93.351
97.458
95.918
97.826
99.007
97.329
95.726
97.877
96.078
96.581
99.167
97.741
99.109
93.692
96.141
99.102
94.458
95.139
94.262
95.690
94.707
95.618
95.111
94.209
94.157
97.732
92.500
97.917
96.259
95.673
97.101
96.921
96.856
97.866
97.531
96.215
97.816
97.750
98.160
93.333
94.282
96.480
97.895
93.925
97.222
97.813
96.512
94.222
93.275
82.045
94.382
92.890
95.694
95.035
96.000
96.417
99.412
98.300
96.411
99.206
95.589
97.842
97.787
97.764
98.740
95.561
88.704
90.061
80.792
91.325
90.683
77.602
93.680
78.902
85.124
83.288
88.390
88.976
87.319
86.567
80.653
92.973
85.470
79.945
91.195
92.537
85.714
83.243
92.222
84.317
85.906
85.787
84.069
82.938
86.871
80.263
78.102
80.153
79.154
84.161
90.775
89.668
77.259
79.713
87.008
95.238
88.532
95.122
89.474
95.035
85.119
88.235
89.286
92.476
96.189
97.852
96.447
98.193
98.191
98.496
97.837
96.717
98.844
95.953
98.867
97.238
97.475
96.853
94.153
97.479
93.514
93.427
95.522
95.356
96.059
97.337
97.175
97.041
96.424
95.904
96.908
88.571
97.838
96.675
97.080
98.667
95.590
96.105
93.617
98.000
96.825
92.708
94.300
87.218
95.880
98.156
95.091
95.575
96.014
94.849
96.596
96.094
97.377
92.398
95.391
94.994
97.264
91.525
94.986
95.811
95.821
98.783
98.701
91.667
97.619
98.256
98.479
86.964
98.913
95.446
96.410
94.345
98.257
96.902
98.824
86.765
95.633
99.638
98.379
97.396
97.156
99.638
95.968
96.756
97.674
97.250
97.217
95.175
97.736
93.333
94.928
97.731
93.333
97.315
97.285
96.610
97.207
89.634
87.195
94.288
95.868
95.620
94.840
97.551
93.361
96.271
91.866
82.156
89.457
80.443
93.333
93.214
96.916
88.312
98.517
93.686
96.641
97.204
98.000
97.754
97.333
96.865
96.429
97.771
98.431
93.633
97.468
96.817
91.927
97.722
84.411
95.992
99.242
98.116
96.875
97.445
97.126
99.561
92.655
99.593
97.257
92.135
95.005
95.805
96.190
83.524
93.000
85.052
86.316
88.866
84.562
87.225
80.357
98.953
98.953
97.567
92.857
96.875
96.629
94.549
98.298
99.038
89.708
96.581
97.535
81.602
95.467
81.385
97.411
95.706
97.865
97.788
97.867
95.425
96.101
95.159
98.048
98.473
94.167
95.750
94.245
90.909
98.137
92.121
94.814
96.746
97.130
96.237
95.751
96.541
98.333
95.830
97.632
97.800
99.422
94.371
95.370
92.814
98.214
93.252
97.279
93.223
93.194
98.020
93.503
94.385
96.160
93.839
94.947
96.241
97.101
93.194
98.020
95.084
80.357
89.610
95.593
94.979
88.112
92.308
92.426
95.846
95.673
93.045
97.063
94.792
95.987
97.066
98.496
97.692
97.436
91.837
95.890
88.296
93.115
93.443
92.857
96.219
86.463
91.775
97.333
95.213
96.178
97.091
99.102
99.048
97.785
98.592
97.778
96.844
96.641
95.238
98.662
98.095
97.917
94.686
96.454
98.742
95.989
95.789
96.601
94.842
95.882
98.082
97.897
98.109
96.501
95.582
93.513
97.773
94.842
95.882
95.729
96.473
92.118
98.958
97.082
96.429
97.867
96.724
97.954
97.748
98.529
98.594
97.126
98.684
96.799
95.833
97.253
95.161
95.408
85.064
96.234
97.222
96.738
98.209
95.767
97.373
95.376
96.258
96.049
95.025
89.990
95.823
98.313
98.324
99.543
88.854
98.658
97.260
94.474
97.535
98.879
97.590
96.552
99.502
97.582
85.460
97.841
90.541
97.633
83.041
96.732
95.548
96.618
90.566
97.403
89.835
78.279
97.861
96.429
99.401
97.070
97.238
85.890
91.753
94.463
96.818
83.942
95.949
81.787
94.667
96.438
99.024
98.234
96.533
98.795
77.983
94.017
95.837
97.846
94.040
94.426
98.258
98.563
91.908
90.486
92.893
97.957
98.158
99.401
96.951
97.508
96.897
99.738
96.203
95.640
97.561
98.120
91.254
97.490
85.932
96.181
99.820
98.810
95.745
94.032
95.142
96.696
96.352
95.868
96.774
88.439
87.456
94.656
93.084
95.868
96.129
95.788
98.783
97.778
98.511
93.597
97.633
93.962
94.420
97.973
96.562
96.351
98.795
97.349
96.774
94.843
79.167
96.460
96.296
93.103
97.768
96.620
95.833
96.436
97.571
96.183
93.011
94.359
97.330
97.473
96.647
97.423
97.861
98.889
93.125
95.719
96.970
97.968
96.836
96.594
95.487
97.561
97.955
98.851
96.438
95.166
95.812
97.130
94.925
96.107
96.643
92.529
96.943
95.169
96.211
96.597
96.341
94.512
98.396
96.429
98.947
99.447
85.625
96.484
83.926
97.297
98.418
97.917
95.728
96.833
96.517
97.145
98.780
97.419
88.811
95.593
94.979
88.112
92.308
92.426
95.846
95.673
92.647
98.301
91.892
95.331
99.004
96.476
94.647
95.227
97.130
98.187
98.095
96.689
97.044
99.007
95.302
84.848
96.061
92.560
95.770
95.470
97.636
94.118
96.296
94.770
98.802
95.065
95.213
96.697
99.038
97.151
96.419
98.967
96.119
96.671
99.677
89.825
99.026
96.243
94.795
96.098
96.190
94.669
97.849
98.539
97.521
97.076
79.781
98.559
98.421
97.727
97.163
98.214
97.273
94.624
96.078
82.857
96.045
93.980
99.333
99.541
97.235
99.180
95.000
93.962
96.624
89.308
96.748
92.347
92.647
98.214
98.824
96.705
87.114
93.514
95.218
94.290
95.726
98.611
97.689
95.652
97.959
97.087
96.581
96.803
95.706
96.043
95.376
98.712
95.925
78.086
93.798
92.917
98.485
98.485
96.257
98.364
95.801
96.000
95.092
96.206
97.143
94.872
95.943
99.254
95.475
97.883
97.185
97.753
97.368
98.228
98.551
93.224
97.722
96.029
89.876
98.776
97.407
97.019
99.167
96.040
96.250
97.103
95.255
99.024
98.234
96.533
97.524
96.951
97.826
98.632
94.409
94.253
96.667
97.403
97.872
95.106
96.600
98.162
97.015
88.163
97.174
95.726
95.304
97.581
86.916
98.696
96.764
97.959
98.936
94.522
98.936
98.263
95.798
98.537
99.764
98.553
95.802
91.304
98.756
99.156
99.263
98.450
97.723
96.070
98.361
96.879
97.858
95.170
96.359
94.902
95.161
96.848
98.795
94.769
97.120
96.106
95.503
98.355
92.923
95.000
97.594
95.538
94.403
93.846
97.281
96.891
93.617
97.347
98.198
97.202
97.468
96.907
94.178
94.681
95.425
96.715
90.500
94.228
97.769
95.455
94.216
95.455
93.960
92.031
93.836
92.353
97.319
97.222
98.636
92.556
98.193
95.000
91.406
99.494
96.753
93.137
98.355
97.706
93.382
96.296
87.427
97.834
94.454
94.366
98.288
97.240
96.574
88.114
97.304
97.989
99.197
96.678
96.670
92.202
95.793
96.790
96.939
94.567
97.342
97.872
98.571
98.299
98.020
84.420
97.208
98.680
94.681
97.935
91.489
94.565
96.311
96.056
96.697
99.038
96.419
93.017
93.513
94.145
95.467
96.852
94.651
95.455
98.491
96.356
96.032
97.674
97.419
89.524
93.454
94.360
98.208
97.363
96.951
95.035
98.485
97.927
90.226
95.567
88.547
96.995
95.459
98.776
91.915
93.993
95.564
96.198
97.917
94.715
96.657
98.860
98.758
98.204
99.237
98.964
94.954
95.178
98.031
98.095
92.797
97.600
82.379
90.580
97.411
95.706
96.380
96.203
97.561
98.404
98.997
96.667
92.801
96.838
99.174
97.392
94.565
98.325
96.711
96.242
96.236
94.608
97.006
95.222
99.246
98.726
96.266
81.609
82.990
95.442
95.157
98.148
95.352
97.509
90.933
97.561
96.506
98.913
93.443
89.062
96.703
86.667
86.667
95.259
96.154
92.819
91.919
91.619
90.323
81.673
97.630
96.978
96.714
94.802
96.625
98.485
97.493
83.951
96.074
93.964
98.496
98.990
98.155
96.789
97.044
93.964
99.371
97.031
98.990
98.718
95.541
96.154
98.718
97.059
96.574
97.091
99.067
98.413
92.029
88.718
96.321
97.531
97.184
96.667
98.519
95.340
96.141
97.206
97.170
95.369
97.661
92.027
97.156
95.000
94.083
96.857
96.552
96.667
93.878
93.559
98.046
96.821
97.329
97.306
93.222
97.576
97.130
97.761
89.723
96.886
98.836
98.272
96.032
99.231
98.980
98.378
96.809
99.692
94.415
95.455
96.735
95.789
98.198
95.676
98.413
96.769
97.705
96.891
98.974
97.627
96.978
92.108
94.882
97.115
99.179
99.788
95.763
97.101
95.913
95.192
95.330
95.035
87.065
94.366
96.341
97.613
98.565
95.210
95.941
97.381
98.148
96.614
97.959
95.703
96.396
96.907
97.949
96.825
95.327
87.273
94.419
95.502
95.929
98.450
99.282
98.095
95.914
95.616
97.020
98.795
99.457
96.503
96.878
95.378
95.536
97.101
95.677
96.377
96.721
92.308
96.237
93.855
96.099
97.717
96.672
97.595
95.000
96.513
95.489
98.168
98.155
98.097
91.209
95.611
99.033
95.476
94.637
87.952
98.208
94.753
94.753
97.534
95.221
97.938
96.349
90.795
96.396
81.181
97.353
97.532
96.774
96.641
96.779
98.163
99.006
97.011
97.240
95.303
96.774
91.791
93.304
94.313
94.323
92.275
96.573
99.729
93.701
88.163
98.021
95.833
95.405
89.037
95.301
98.077
92.704
98.588
96.839
96.045
95.130
91.160
94.725
96.183
96.830
98.557
96.102
97.887
93.177
79.554
97.143
98.578
90.909
96.436
96.605
97.337
96.605
96.067
91.468
90.254
81.293
97.826
96.159
98.165
97.786
99.462
97.849
96.117
92.917
89.961
99.459
98.466
96.536
99.083
96.850
99.459
98.795
98.686
98.477
97.945
99.306
95.849
97.963
98.186
99.125
98.502
99.275
96.345
95.238
96.371
98.361
95.833
95.708
97.942
97.297
96.748
99.225
92.832
96.641
97.170
98.538
97.183
96.198
95.146
94.650
96.491
97.899
97.561
95.423
97.512
93.498
95.745
99.134
96.707
98.089
99.785
97.436
95.652
99.282
97.196
94.417
97.512
95.455
97.341
90.909
99.002
97.132
99.057
97.542
96.855
94.558
94.820
95.192
93.464
97.015
94.278
97.794
98.090
90.278
90.538
99.034
99.344
96.970
98.230
95.019
95.341
97.252
96.434
94.186
97.572
96.732
96.742
95.637
97.251
97.080
96.509
90.476
93.396
94.783
90.083
85.880
92.346
98.810
94.389
95.714
88.752
93.833
94.326
96.294
94.530
99.020
95.652
95.635
96.716
95.203
98.511
96.958
97.015
98.485
98.148
92.707
93.042
93.971
96.377
91.960
95.921
95.935
98.069
95.498
93.362
96.029
95.975
96.269
97.761
93.730
92.814
98.000
97.536
94.821
94.021
93.750
98.188
97.360
95.897
98.089
95.307
97.849
98.851
95.593
95.930
98.404
96.078
95.389
95.808
98.352
97.340
85.714
86.337
88.421
97.333
96.696
94.097
96.296
98.286
94.778
97.384
95.775
93.365
95.732
95.513
97.394
97.068
94.768
93.770
87.354
95.408
95.506
92.000
96.108
94.301
95.506
96.000
90.909
81.262
98.264
97.312
97.895
97.321
96.768
94.489
97.122
93.671
97.419
97.642
97.468
86.325
91.111
98.997
99.044
97.546
96.531
95.819
97.805
95.556
97.425
87.097
96.970
97.840
97.904
96.581
97.087
95.780
94.410
96.594
98.259
89.583
95.455
96.296
96.317
95.935
95.783
93.884
97.423
94.496
98.060
97.817
98.810
98.421
94.915
98.148
97.427
96.709
95.774
96.684
93.750
97.500
95.638
95.806
94.719
93.770
94.083
96.694
97.188
94.630
95.888
96.949
92.195
96.216
95.207
91.284
96.667
93.843
97.647
96.681
98.710
98.817
97.154
99.209
95.806
98.256
94.783
90.083
94.044
97.489
92.810
99.630
97.315
96.115
98.288
90.909
98.113
98.769
97.643
98.910
99.123
96.222
97.590
98.289
95.599
96.181
95.767
97.527
97.843
97.959
96.628
96.216
99.502
80.272
98.496
98.413
91.398
97.701
98.276
97.914
98.718
96.313
90.283
91.111
92.374
97.877
96.905
96.905
95.771
95.441
99.065
76.652
92.394
94.891
96.762
90.816
95.985
96.833
95.035
98.140
93.369
97.757
95.418
84.889
97.500
98.227
97.595
96.797
89.194
96.139
96.964
96.970
83.183
81.394
81.446
84.636
80.736
81.032
79.682
80.781
78.356
79.603
81.818
83.796
81.016
80.114
79.725
81.933
79.780
82.920
98.667
93.443
83.652
81.065
83.556
83.402
86.154
79.931
84.987
77.246
81.967
80.846
77.683
79.461
81.141
77.509
80.253
76.112
75.726
75.830
79.699
88.764
83.871
95.847
97.847
98.537
93.548
96.868
93.659
95.958
98.541
92.857
98.680
97.953
95.916
97.287
96.987
99.383
96.949
95.283
98.214
98.462
92.128
92.742
94.444
97.033
96.476
98.489
96.788
86.329
98.952
96.788
98.566
94.643
99.393
97.396
95.925
99.029
98.507
95.114
96.789
99.293
99.333
97.606
96.169
94.087
97.037
97.212
98.473
96.931
98.140
95.854
96.491
97.674
91.768
94.971
93.363
93.750
97.006
91.253
95.222
97.593
86.341
97.932
86.829
97.689
95.455
92.466
92.903
99.349
94.576
96.088
95.020
95.300
97.944
96.082
97.944
96.533
99.573
98.361
96.356
96.032
97.674
98.004
96.018
98.095
98.969
96.364
85.128
97.511
98.308
93.967
96.045
96.803
97.569
91.126
97.318
97.338
97.917
98.182
86.705
93.103
95.509
94.599
96.865
97.368
92.923
97.455
98.031
89.078
99.412
95.082
93.684
96.887
98.770
91.630
96.000
97.500
96.158
90.397
98.571
98.039
98.804
94.071
89.352
92.936
94.567
95.120
89.860
98.718
97.679
97.795
97.920
97.816
80.071
96.327
80.142
87.805
86.339
96.585
95.833
92.105
97.652
96.947
96.812
93.862
94.507
91.036
97.727
94.634
97.619
97.952
97.740
97.068
97.633
97.351
97.455
98.424
98.988
97.600
91.758
97.320
98.782
97.837
93.717
95.109
96.164
97.343
92.283
91.473
96.629
97.354
95.211
99.425
97.761
98.131
97.765
97.143
97.436
99.581
95.380
95.992
97.170
97.738
95.502
98.126
96.939
98.630
94.583
97.147
96.248
93.878
99.351
82.620
95.789
87.778
97.390
94.129
97.093
97.537
98.252
95.989
98.259
95.080
97.159
93.182
89.144
84.564
99.444
98.169
97.222
97.906
95.017
95.739
95.000
97.079
96.800
97.619
96.503
96.398
96.306
96.992
95.283
96.712
95.366
90.166
98.507
95.025
95.262
98.485
97.211
93.506
97.189
93.783
96.157
97.143
96.607
97.829
97.590
98.514
95.817
95.970
92.995
96.064
97.219
96.989
88.095
97.953
98.321
97.531
98.364
97.065
94.309
99.320
98.174
95.863
97.917
94.510
96.564
98.127
95.515
96.718
97.095
94.773
99.490
96.491
95.368
92.991
97.749
94.130
99.119
90.841
90.116
94.118
90.860
90.019
96.190
94.772
96.346
98.630
96.947
96.970
98.639
96.528
95.062
95.385
97.701
97.200
94.649
97.178
98.457
93.333
97.135
95.374
93.580
96.615
90.887
98.617
96.757
98.790
96.847
95.985
83.481
94.400
98.344
94.919
97.664
99.543
97.484
97.087
95.675
97.959
98.696
98.424
96.127
97.927
99.401
96.951
97.508
95.956
94.444
98.820
94.497
98.820
96.725
94.677
90.000
98.667
94.604
96.320
89.147
94.264
96.198
96.667
97.881
98.923
97.118
96.875
96.588
99.338
97.581
97.863
94.444
82.353
97.150
94.668
96.210
87.429
96.026
96.380
96.501
97.561
76.349
87.952
95.660
76.860
87.654
97.325
90.935
96.970
96.592
97.544
97.059
96.402
97.956
96.053
91.765
95.402
97.030
94.653
96.836
96.727
96.199
96.528
99.074
96.429
92.620
95.015
98.206
97.208
95.966
96.350
94.260
94.940
91.185
95.480
94.328
97.643
97.277
98.086
97.297
92.466
96.286
88.636
99.286
97.241
95.939
97.917
93.924
97.917
80.226
85.106
83.288
93.407
94.271
95.719
95.463
95.319
93.519
98.492
91.754
97.847
98.537
96.815
95.572
93.081
91.379
86.645
96.335
87.179
97.403
97.294
96.231
97.674
96.617
95.701
99.115
96.330
96.254
94.286
87.025
88.169
95.443
96.215
93.182
98.800
97.944
97.046
97.902
97.781
95.035
96.043
94.888
97.852
97.742
96.023
96.739
98.060
97.837
98.191
98.496
97.143
97.270
98.214
95.028
96.335
96.271
96.758
99.248
98.953
99.167
91.701
97.917
95.501
97.710
97.714
97.260
96.982
99.398
98.232
99.412
97.163
98.214
99.487
97.115
98.559
92.587
96.389
96.474
98.214
95.545
97.354
96.610
97.680
97.150
92.547
92.063
94.964
96.191
92.169
93.333
92.620
95.050
97.664
94.340
92.126
93.952
92.352
97.356
96.912
96.261
97.561
96.639
97.793
97.432
98.718
88.720
95.638
95.806
92.361
94.900
92.361
97.482
94.554
97.039
91.358
94.737
96.917
94.748
93.662
93.583
85.714
96.779
97.133
97.902
98.020
96.610
78.539
95.468
97.917
97.170
94.681
95.635
95.785
97.964
97.887
96.457
95.851
96.406
96.188
97.396
95.312
94.643
95.257
97.819
94.325
94.309
78.740
94.444
91.489
97.528
97.169
98.387
91.986
94.165
96.588
95.952
95.351
97.574
95.248
92.102
94.747
96.325
95.973
80.095
98.051
80.095
98.754
97.477
97.021
97.505
97.596
96.403
96.552
98.611
98.305
96.594
95.585
94.776
96.894
97.654
85.660
94.656
92.265
98.077
93.656
97.802
88.514
97.554
97.561
95.423
97.512
93.969
97.835
96.644
97.925
96.871
95.280
95.308
89.860
96.701
97.714
82.090
88.909
96.919
96.203
97.449
97.271
96.137
97.018
97.791
96.819
96.937
92.195
88.927
98.421
91.674
96.296
97.207
98.797
96.087
97.899
98.507
95.370
98.397
95.939
91.089
95.595
97.389
98.193
96.224
95.633
93.519
97.527
94.581
93.143
96.988
91.742
89.818
96.764
96.830
95.207
91.284
96.667
97.464
97.342
88.060
95.109
94.667
96.516
90.068
96.403
88.000
94.668
94.293
96.748
95.607
98.504
97.638
96.830
94.890
97.482
97.087
97.360
97.867
96.448
94.488
96.196
97.041
84.848
84.566
92.560
96.409
97.660
99.098
97.482
97.534
98.621
96.154
95.709
95.591
95.349
97.778
95.181
97.479
96.168
89.960
97.166
96.548
97.642
96.850
97.727
97.573
92.308
97.647
96.624
94.426
98.947
98.947
95.471
97.460
97.748
93.682
99.612
96.951
95.789
97.333
96.423
95.143
96.674
96.364
85.537
89.892
92.473
98.352
77.003
85.606
83.436
94.118
97.323
96.488
96.794
99.091
97.880
97.279
97.984
95.036
99.054
95.849
97.872
99.130
96.486
99.242
85.714
97.097
98.276
97.123
99.477
95.890
97.390
96.963
94.054
99.138
97.967
97.778
96.471
96.386
95.218
97.273
98.910
98.074
98.074
96.571
97.031
96.527
96.259
97.143
97.196
97.955
96.636
97.661
98.774
97.154
89.298
97.546
96.746
97.895
96.376
97.321
96.703
97.199
96.477
95.423
96.183
97.436
98.061
98.658
98.507
89.286
95.000
95.665
98.658
96.552
94.309
98.155
96.188
98.020
97.664
97.938
97.887
96.242
95.126
97.339
95.885
94.630
97.826
99.221
96.765
98.571
98.638
99.148
98.706
92.276
97.781
81.301
94.203
98.240
96.536
95.263
95.473
97.794
99.543
94.268
95.211
96.982
97.297
95.049
95.858
95.437
96.241
96.175
94.915
95.153
92.784
96.565
98.148
96.875
95.846
96.614
97.222
98.299
89.394
97.147
90.625
78.073
76.978
81.296
85.668
82.817
85.263
90.798
87.459
79.459
93.929
81.553
91.398
87.831
88.506
92.936
95.575
94.737
95.184
98.240
96.183
94.382
99.320
98.000
98.582
96.949
96.401
98.026
90.833
97.065
94.608
97.640
95.938
97.152
98.429
92.939
97.983
97.076
95.798
94.634
96.324
95.070
96.608
93.772
97.093
92.920
94.465
98.726
95.785
96.583
97.202
96.812
96.250
90.037
95.480
96.257
96.335
96.257
92.308
98.529
96.923
97.391
96.964
95.787
97.270
97.781
91.968
97.297
96.046
96.243
96.748
97.000
94.444
87.071
90.278
93.172
97.653
96.708
99.057
94.455
94.130
97.000
97.541
99.110
89.381
91.561
98.802
96.026
97.826
97.473
95.722
97.576
87.500
98.544
98.168
97.906
97.098
97.189
93.783
96.157
96.746
97.895
81.560
97.306
97.326
96.319
97.523
98.140
97.772
97.849
96.774
96.244
97.541
99.567
85.556
95.935
95.492
97.154
98.347
98.467
96.970
98.696
98.925
96.813
99.563
96.166
96.587
96.759
94.142
97.320
96.832
97.750
96.224
99.462
97.701
97.995
98.078
99.491
95.785
96.403
97.906
95.017
95.739
90.833
94.017
97.740
97.527
95.946
98.044
96.441
93.399
96.610
95.115
96.114
92.377
98.737
98.743
96.859
95.577
83.295
94.981
95.597
99.111
97.768
97.333
98.507
95.126
98.214
98.473
98.866
97.838
97.902
97.368
96.809
97.645
96.452
97.080
98.238
95.513
98.838
90.441
96.290
98.165
98.374
95.748
98.537
98.276
96.429
88.146
88.782
94.949
92.588
97.115
94.731
94.888
95.883
97.838
99.402
99.402
96.422
97.835
96.552
94.309
98.155
91.036
97.727
94.992
99.259
93.006
88.804
94.452
95.928
97.101
97.348
98.333
96.842
94.023
98.646
97.659
94.941
97.778
97.252
95.341
95.019
98.230
98.276
97.788
95.975
92.105
93.814
97.309
97.143
97.614
97.175
93.320
98.316
99.291
96.822
97.229
96.365
94.536
95.110
98.926
96.724
97.954
97.748
96.556
96.678
98.173
97.710
95.000
97.345
96.129
97.297
97.907
95.400
94.179
96.696
96.557
93.902
95.878
98.341
97.297
97.794
95.572
93.081
91.150
90.112
92.000
95.283
97.291
97.345
98.990
96.241
97.462
95.610
96.577
95.833
97.585
98.046
97.665
90.090
95.652
97.018
97.305
96.217
97.942
92.494
97.276
93.333
95.362
97.143
98.634
96.944
98.549
97.973
93.280
91.837
95.906
97.984
92.473
92.848
93.333
96.616
96.868
95.602
98.003
94.650
96.131
97.137
95.468
98.944
97.868
93.854
94.598
84.145
93.913
96.804
96.951
97.333
95.238
89.538
96.954
95.402
96.329
98.142
98.441
98.945
97.297
95.822
98.165
95.370
97.452
96.692
98.165
97.701
96.206
97.345
96.857
93.561
98.196
95.247
91.379
98.450
94.755
97.143
95.333
95.914
98.473
96.629
94.366
97.530
99.073
97.680
98.269
95.731
92.647
92.071
94.133
93.427
98.957
99.619
99.367
97.677
86.927
98.780
93.750
95.255
96.226
99.500
96.728
93.713
97.619
95.238
95.026
96.289
97.206
96.721
84.488
96.832
88.107
99.123
95.775
97.674
93.760
90.160
97.104
98.171
98.171
95.223
98.611
95.996
95.588
97.269
95.238
97.352
95.109
99.020
92.941
97.262
96.232
97.484
97.143
94.656
97.940
95.585
94.776
97.840
97.934
94.574
98.193
94.847
98.029
98.458
98.678
97.395
98.046
96.000
96.991
99.558
94.869
96.875
83.569
88.117
95.868
94.710
94.710
97.396
94.218
84.615
95.562
97.925
97.004
98.232
94.040
97.590
99.585
92.141
98.058
85.413
95.182
97.541
84.437
97.288
88.517
93.333
98.789
95.075
97.176
91.463
97.529
97.880
98.917
93.625
96.784
99.057
96.748
97.211
96.263
98.907
97.059
96.863
97.095
96.154
98.230
97.361
99.145
99.408
98.230
93.042
93.583
96.029
86.680
93.362
95.498
93.860
97.326
94.170
97.118
97.067
96.038
97.857
94.975
95.814
96.640
98.301
96.824
97.143
96.350
99.387
92.500
96.078
95.000
96.703
97.943
96.429
99.495
91.924
94.898
96.512
97.754
96.014
88.368
96.588
96.281
96.244
91.927
97.156
93.590
95.221
96.657
97.938
97.879
97.761
97.122
95.391
98.462
96.859
98.784
96.791
96.115
95.100
92.941
98.098
98.540
93.814
95.918
89.617
96.571
95.169
96.558
92.105
96.850
98.611
92.958
97.297
97.770
99.002
96.564
96.233
96.203
96.199
91.912
98.621
99.593
98.998
99.307
90.222
96.354
97.727
97.615
97.228
98.937
97.652
98.268
98.268
96.761
94.561
95.070
96.610
96.329
94.513
96.917
94.748
93.662
93.583
85.714
96.275
82.787
83.505
77.901
75.758
77.891
83.333
81.955
73.356
94.000
83.951
85.714
81.771
81.146
80.870
76.061
76.471
87.500
78.261
93.814
95.336
97.255
94.627
94.606
95.911
96.651
97.122
90.572
95.670
94.619
96.602
95.851
96.975
98.025
99.422
96.928
97.196
96.128
94.941
97.727
97.651
85.859
96.296
96.753
99.206
96.680
97.231
96.990
97.450
93.458
96.711
99.485
97.641
96.843
96.337
97.111
97.290
97.987
96.410
98.499
94.175
93.333
97.399
96.852
91.416
95.455
96.114
97.814
96.698
97.778
97.358
91.064
88.511
94.118
93.636
96.232
94.410
97.065
90.030
96.175
95.199
95.357
98.980
96.296
98.345
91.592
96.885
99.077
96.588
91.986
94.165
89.592
96.861
97.191
93.921
92.560
97.879
97.378
93.333
97.899
95.312
98.817
99.225
98.039
95.994
98.374
97.642
95.349
94.737
97.340
94.492
97.098
96.364
97.115
98.596
98.618
94.226
97.849
95.380
99.174
95.632
95.139
90.780
95.349
95.349
95.349
76.119
84.211
93.018
93.217
95.302
94.152
95.702
95.098
84.817
91.379
95.726
99.099
96.564
97.297
96.746
97.548
96.970
98.217
95.684
97.698
99.245
97.119
95.633
96.527
98.120
96.168
89.960
96.575
94.497
98.485
96.364
95.082
95.624
97.746
95.710
96.830
96.340
98.329
98.582
98.015
99.509
97.046
98.742
97.778
96.491
98.477
98.228
96.626
79.452
88.453
90.845
94.118
92.749
94.949
94.701
94.389
91.944
96.624
85.311
87.903
97.973
95.082
98.222
98.004
98.328
96.214
95.417
99.306
97.292
96.327
95.690
97.440
94.278
91.691
96.667
96.697
98.413
97.619
94.970
96.523
96.825
95.635
95.793
96.009
95.052
93.651
97.884
98.182
97.391
98.421
97.832
97.765
95.930
95.593
97.658
96.310
98.889
98.347
98.571
97.427
95.918
97.354
96.610
97.081
96.532
95.918
94.444
95.686
97.360
96.441
95.088
96.154
95.119
97.122
96.662
94.175
94.282
91.568
95.349
97.974
95.332
82.305
85.973
92.030
97.029
93.426
93.162
95.936
92.450
98.429
95.103
97.576
95.327
97.867
97.039
97.980
97.104
95.783
95.349
96.866
97.055
76.658
95.741
95.741
93.056
97.368
98.372
99.254
97.768
97.910
97.288
94.488
98.252
98.069
87.681
97.701
98.830
96.519
95.266
99.663
96.117
99.216
97.857
96.970
98.452
98.175
94.719
99.143
98.452
96.916
99.016
95.349
95.455
97.959
97.418
98.894
97.455
95.868
96.214
97.384
97.565
93.991
98.649
82.692
93.229
99.524
95.745
96.763
94.949
95.960
98.246
98.765
98.174
95.491
96.469
94.087
97.037
98.523
99.083
97.003
98.124
90.799
98.107
95.878
88.963
97.575
97.191
97.072
96.190
93.108
96.914
86.154
80.055
81.024
89.655
79.693
78.313
81.081
94.643
97.872
95.646
89.371
82.215
81.174
83.473
82.737
80.725
77.489
76.987
77.949
83.844
77.855
80.455
79.634
85.000
83.446
77.959
81.132
79.430
79.104
91.489
96.484
93.151
97.108
98.049
95.120
95.615
96.844
96.059
94.737
95.575
97.120
98.795
93.945
95.639
96.229
97.105
94.394
95.382
94.643
91.912
90.372
94.428
95.340
99.278
96.624
96.888
96.643
96.613
95.778
95.724
94.650
94.659
96.800
96.916
98.361
89.524
94.547
95.773
97.161
82.635
97.342
98.469
96.914
96.190
89.974
97.072
97.590
96.146
96.333
86.932
96.371
80.851
95.925
94.416
96.835
97.857
96.703
97.531
93.750
93.692
93.405
97.741
92.029
98.849
96.957
97.297
97.907
96.129
88.727
90.955
96.995
96.528
98.630
95.750
94.245
90.909
95.455
99.310
97.358
97.050
97.318
90.947
96.839
96.773
97.100
96.533
96.361
98.449
98.047
90.372
98.058
81.754
94.355
95.182
97.541
84.437
97.288
88.517
94.803
94.434
98.228
96.093
98.663
95.455
97.935
85.523
81.649
91.667
93.513
94.145
98.121
94.571
95.009
98.103
96.610
99.143
89.683
82.093
97.802
93.750
95.882
95.635
93.467
80.000
96.117
97.330
97.826
97.204
97.368
99.038
97.595
99.554
98.958
88.785
89.394
98.156
90.170
98.571
99.167
94.025
97.342
92.105
98.947
96.245
96.290
93.945
99.138
93.363
99.471
97.059
97.143
94.409
95.846
98.299
95.203
98.849
99.160
96.875
97.826
94.674
97.612
97.276
95.897
97.368
92.112
96.201
99.412
87.879
97.117
99.212
95.035
92.763
97.286
96.506
95.620
96.258
95.597
95.556
96.981
97.773
96.154
98.135
98.276
98.276
86.131
97.389
96.800
85.461
98.509
95.455
96.158
97.427
89.011
93.684
91.731
99.576
93.765
96.992
96.988
93.151
91.304
98.400
95.784
94.218
96.875
90.068
96.403
88.000
94.666
94.293
96.748
96.514
97.535
96.537
96.970
96.970
98.519
96.414
86.120
98.592
89.876
97.456
97.337
96.296
94.362
97.040
97.436
96.370
96.939
96.132
98.142
98.901
96.547
98.806
98.259
95.502
97.143
97.614
94.526
95.312
96.515
95.926
91.981
95.423
96.183
96.650
82.500
97.849
96.536
97.795
98.762
94.454
94.366
96.353
95.349
97.612
97.276
95.699
96.154
97.649
95.885
95.823
96.714
97.183
95.774
96.406
96.246
95.459
94.845
95.668
97.313
96.814
97.213
96.565
98.218
97.143
95.900
97.059
94.964
97.484
98.125
96.830
96.536
95.380
96.853
99.008
99.259
96.237
97.595
97.409
95.947
87.173
83.368
80.201
76.419
80.963
85.886
80.622
84.098
84.936
79.050
78.043
87.243
84.477
80.447
85.317
75.000
91.156
79.705
77.246
78.333
85.606
87.069
79.141
79.545
97.826
94.004
95.918
94.444
95.686
97.360
97.085
97.688
96.577
94.983
97.317
97.196
96.629
79.326
92.094
95.161
91.641
97.959
96.521
80.676
83.849
96.250
97.163
96.122
95.379
90.964
98.374
98.058
96.354
97.778
93.151
97.268
97.683
97.723
98.448
95.721
96.763
94.059
93.204
97.500
95.358
95.070
96.425
94.374
92.774
96.199
97.266
95.702
97.451
98.780
96.359
97.920
99.686
95.122
96.238
96.748
95.164
96.588
98.519
95.471
97.460
96.547
98.611
96.210
97.448
96.280
96.875
93.671
96.863
97.587
98.333
96.250
98.058
97.496
96.035
94.574
97.284
96.786
91.781
95.785
96.502
96.259
90.730
92.536
92.933
96.487
91.633
98.544
94.862
97.638
97.768
98.537
95.045
93.946
96.491
97.595
97.712
98.475
95.302
98.243
99.474
95.930
97.391
98.500
97.080
98.626
92.848
93.333
97.351
94.281
95.017
94.622
89.362
92.208
93.433
97.018
99.206
99.265
99.788
88.995
94.553
93.233
95.052
90.040
97.619
92.763
97.977
97.633
88.333
90.244
96.441
95.417
94.615
95.153
95.614
96.835
96.240
97.967
96.209
95.914
94.322
96.928
98.028
97.386
99.833
98.062
99.291
97.392
94.062
87.195
97.619
96.007
96.832
97.183
88.800
88.281
98.291
98.352
97.358
98.673
97.982
93.426
86.733
96.581
97.778
97.281
96.421
95.221
94.118
97.512
95.635
96.716
97.315
96.237
86.866
90.940
97.253
99.074
92.585
97.681
95.699
96.707
96.032
98.472
96.970
96.441
97.578
98.197
95.987
96.327
98.675
97.081
96.532
97.487
98.491
94.727
95.402
94.183
96.056
92.958
96.937
96.176
98.354
97.331
92.778
89.855
97.748
93.827
96.667
94.222
97.980
95.985
97.070
90.262
94.776
98.485
96.591
94.118
90.571
96.283
97.664
98.451
97.980
98.491
97.228
93.846
97.281
96.891
93.617
94.286
98.246
95.817
98.661
94.420
93.893
96.556
97.426
97.523
97.080
90.000
92.178
91.737
92.000
97.059
93.363
88.400
98.805
98.805
97.211
96.051
98.349
93.878
97.255
98.949
96.000
97.079
97.317
97.196
96.629
98.500
93.633
95.561
95.455
95.007
93.861
99.713
83.396
90.722
97.980
96.513
98.077
97.472
97.175
96.447
95.706
92.065
95.192
88.942
95.105
96.992
98.235
98.742
98.715
98.190
98.416
97.381
95.035
98.462
96.610
98.724
97.980
96.949
98.124
97.276
93.275
91.429
97.222
99.194
96.599
97.306
98.728
96.244
97.896
87.978
94.118
96.845
97.260
97.980
93.464
94.792
85.768
99.074
96.581
97.417
96.581
97.417
96.815
95.000
97.857
93.904
97.458
92.769
99.029
99.007
77.895
97.165
77.358
95.431
97.619
96.503
96.878
95.378
95.536
97.101
95.677
94.495
97.114
91.239
83.240
88.710
79.545
88.997
85.350
80.925
82.803
79.888
83.871
95.767
96.437
96.204
95.288
96.667
97.040
96.447
96.279
96.399
95.980
96.528
97.778
94.678
98.284
92.494
87.769
92.647
80.906
93.418
95.724
96.174
94.937
97.368
98.214
98.355
98.214
96.833
96.096
98.824
96.960
95.851
91.441
90.799
98.780
92.424
95.888
96.949
98.276
96.501
95.581
98.998
98.714
98.452
95.556
85.417
88.889
88.770
88.535
96.078
88.254
93.865
98.036
94.017
98.276
96.429
96.078
98.387
98.222
97.225
97.376
94.928
96.100
94.382
97.256
96.169
95.407
95.414
97.242
98.174
98.083
95.833
94.224
97.067
82.500
92.663
86.567
96.518
97.989
99.649
96.774
96.777
95.513
97.561
96.872
93.925
97.368
96.758
98.837
87.073
89.498
92.586
91.707
98.336
99.153
98.544
97.368
99.248
98.413
95.536
94.727
95.530
89.177
95.336
97.900
97.324
96.399
95.330
94.574
96.279
97.592
92.444
83.908
81.609
88.997
85.350
80.925
82.803
79.888
83.871
97.162
96.552
97.114
97.414
95.823
92.532
85.088
86.097
94.190
76.623
98.272
96.564
97.495
97.188
96.622
97.218
98.048
92.195
96.216
99.010
91.249
95.859
97.279
97.386
97.980
96.759
96.460
95.070
96.571
96.131
97.887
94.491
97.531
95.238
97.205
93.333
95.322
97.866
98.276
92.017
89.177
97.764
99.600
98.212
96.014
95.430
96.417
94.684
98.000
86.993
88.288
86.275
84.570
89.117
86.047
85.473
96.733
96.281
98.919
97.696
96.312
96.629
96.774
93.548
96.748
95.813
98.172
93.689
97.509
95.765
97.080
98.046
94.239
93.159
91.629
97.594
95.538
94.403
99.386
95.938
94.690
96.795
96.758
97.101
96.132
93.151
95.640
97.045
95.462
90.827
81.088
95.489
90.909
97.683
97.910
95.726
94.810
95.690
97.283
94.979
93.240
99.248
97.482
98.261
97.333
85.938
80.323
98.641
98.641
77.211
85.965
96.359
93.548
93.724
97.641
99.231
95.897
97.283
95.373
86.415
96.982
96.137
96.525
89.474
94.737
96.797
95.455
97.321
98.802
93.264
97.386
94.632
99.222
95.035
90.132
77.217
93.773
97.010
96.854
98.575
96.261
96.714
97.154
89.831
98.268
97.112
97.819
96.714
92.308
95.455
97.341
95.335
97.890
93.190
83.226
98.429
95.525
97.516
93.763
96.321
95.326
97.222
99.257
97.403
97.039
96.565
98.182
98.611
98.780
98.598
98.866
96.429
92.174
96.545
97.619
94.474
95.930
96.086
97.386
95.215
85.659
94.453
93.478
98.381
96.383
85.191
86.704
95.322
96.440
97.159
97.821
98.870
96.190
97.987
95.918
94.805
98.276
96.813
96.569
96.685
95.588
98.148
95.833
97.291
97.345
97.143
96.875
97.397
94.558
93.927
94.444
98.153
98.383
96.970
96.296
97.500
97.345
97.893
93.949
97.134
96.206
96.643
97.297
98.851
93.177
97.338
92.623
96.622
91.568
96.078
95.968
86.869
96.296
96.071
97.619
96.779
97.902
86.508
95.137
80.665
82.941
96.779
94.869
96.875
80.000
89.216
97.872
96.613
92.424
95.308
96.622
93.827
97.120
93.834
95.714
97.273
96.899
97.146
95.347
93.478
99.435
96.255
95.992
96.007
99.020
96.825
94.847
86.992
97.340
97.895
97.814
76.157
90.244
95.192
84.940
97.015
92.075
92.075
96.948
88.889
89.286
95.408
87.136
97.222
94.467
99.219
94.262
95.567
97.619
96.316
91.295
96.923
92.369
94.444
89.423
97.154
93.463
90.196
96.536
99.180
97.535
83.218
95.467
81.385
95.567
88.547
90.226
98.563
94.186
99.062
97.857
94.527
97.696
96.931
96.397
96.114
94.872
79.823
80.088
79.841
87.952
96.235
95.230
95.536
97.214
98.160
95.425
96.154
96.616
97.101
92.308
97.321
96.389
96.780
99.048
92.871
98.406
98.246
93.590
97.378
98.485
91.744
97.554
98.864
97.654
95.379
97.170
86.252
91.071
95.736
98.734
99.153
95.459
96.396
98.387
96.607
97.630
98.298
95.730
97.877
99.436
94.712
94.702
91.509
91.579
96.104
93.846
93.846
95.273
96.335
98.936
81.935
93.407
97.942
96.581
96.923
96.983
95.109
97.788
98.294
98.920
97.257
98.851
96.875
94.977
97.185
97.727
96.128
97.271
96.078
98.830
97.122
98.104
97.222
97.942
94.074
93.776
84.138
91.247
91.429
97.976
97.324
96.823
96.447
99.083
96.625
91.416
96.309
96.218
93.023
96.552
94.618
98.842
96.595
89.147
89.455
94.758
95.369
97.172
96.907
96.127
97.761
93.175
97.238
90.188
93.607
95.343
92.105
98.182
95.556
96.503
98.108
98.391
96.992
95.209
96.748
95.941
94.513
95.192
96.512
93.065
97.561
98.319
92.239
76.941
96.177
97.701
98.058
97.161
93.949
94.109
93.103
95.657
97.959
88.815
99.510
96.359
97.920
91.787
99.645
97.460
95.930
93.617
95.643
98.754
99.167
97.143
93.043
96.513
97.492
94.040
96.391
95.758
98.010
97.393
96.364
98.765
89.032
97.488
96.825
89.516
87.039
98.529
96.899
93.651
92.689
94.776
94.549
97.285
93.519
95.299
91.449
94.186
97.537
98.750
95.798
98.616
94.043
93.804
93.372
97.191
98.113
84.962
95.710
93.617
93.671
94.949
84.158
97.786
77.647
95.756
97.826
98.582
93.375
96.907
97.378
89.086
96.262
96.689
97.628
99.029
93.590
97.875
97.722
94.966
96.685
94.946
95.699
95.258
97.236
98.454
97.747
96.703
99.033
98.148
98.715
98.271
99.048
95.705
95.802
92.453
95.720
97.971
97.809
97.426
97.701
99.023
96.996
98.387
85.714
98.310
97.719
93.672
91.057
91.870
97.644
91.732
95.214
96.242
94.805
95.356
97.232
89.391
95.771
96.070
97.189
97.231
97.993
98.042
98.148
91.787
98.251
96.046
97.890
97.998
96.757
98.295
97.576
98.684
99.296
98.333
96.540
97.094
96.209
97.351
96.411
94.562
98.214
96.218
97.896
87.978
94.717
87.500
96.952
90.991
97.053
94.851
91.126
97.118
93.151
96.739
95.736
98.693
95.082
96.715
97.732
96.694
92.889
82.016
80.892
86.911
86.726
83.275
85.345
90.141
93.103
87.459
85.559
79.459
93.929
81.553
91.398
87.831
88.506
92.936
95.575
94.100
94.343
95.628
97.161
97.329
99.008
92.517
85.771
96.309
91.647
96.899
95.677
98.000
93.596
94.495
92.708
99.388
95.747
97.500
97.500
96.397
97.280
96.728
97.500
95.091
93.939
98.606
98.577
94.907
93.950
90.841
76.804
91.971
97.196
94.351
96.516
95.796
93.487
95.434
98.168
94.493
98.643
98.551
99.160
97.396
96.939
94.512
94.262
96.250
90.393
88.372
95.312
98.876
96.667
90.130
97.200
94.853
95.704
96.791
97.772
96.235
98.413
94.444
95.755
93.175
97.290
96.226
95.238
96.371
95.122
97.321
96.528
96.496
98.052
97.701
95.091
95.858
95.640
97.045
93.151
96.055
99.576
98.258
95.109
98.450
97.273
98.374
93.921
95.787
96.115
97.816
98.830
97.899
94.737
96.164
96.774
95.984
98.148
99.242
98.092
97.085
95.294
96.033
98.913
97.947
99.091
77.938
95.714
94.688
98.485
93.949
98.390
97.368
83.513
91.971
90.511
96.614
97.222
89.621
98.182
96.473
97.998
86.250
97.059
93.082
79.439
92.500
94.444
99.583
93.548
96.865
97.487
96.174
97.838
94.872
85.992
98.750
99.474
96.717
97.324
94.667
94.558
98.557
97.134
97.345
97.893
97.535
90.304
98.222
98.004
98.328
94.819
87.065
94.455
92.715
93.220
96.992
93.478
97.619
97.603
93.478
98.584
98.907
97.619
94.096
95.404
96.759
94.458
95.525
90.109
97.170
94.867
96.141
96.667
99.219
97.682
96.690
97.240
96.302
98.618
92.589
93.827
96.811
95.683
97.039
97.778
96.276
92.947
93.939
94.815
97.570
98.291
94.803
99.505
96.063
96.067
93.255
87.398
93.277
98.772
94.569
93.333
94.828
92.337
94.274
96.988
96.498
97.561
99.627
96.319
98.000
97.565
97.342
96.964
96.970
92.742
94.410
94.928
96.365
94.536
93.529
91.928
96.429
96.274
97.674
95.992
95.000
98.062
96.370
97.740
95.569
98.103
98.473
93.293
96.626
93.426
97.973
96.845
94.963
95.883
97.838
98.886
98.765
96.899
95.875
98.214
93.636
80.066
94.258
98.786
96.465
98.321
96.726
95.062
98.538
94.018
94.813
91.489
96.451
94.222
98.493
97.938
98.089
85.973
92.030
89.286
82.692
82.692
99.129
94.812
94.277
94.403
97.068
97.443
95.882
93.897
95.939
98.874
96.395
97.658
98.432
97.601
94.851
97.773
96.850
95.339
96.768
96.266
98.374
94.186
98.388
90.303
88.452
97.717
97.037
94.400
91.250
97.194
95.283
97.837
97.971
95.535
96.624
96.104
97.312
98.264
96.753
95.741
95.731
92.647
96.117
88.367
88.439
92.290
81.102
95.556
87.500
98.423
97.761
96.646
90.716
97.837
97.041
97.287
97.691
94.514
98.464
96.111
94.915
98.323
94.813
92.742
96.262
98.018
97.485
96.337
90.683
89.506
87.769
98.618
96.302
97.240
98.354
96.864
96.875
97.152
97.818
93.994
95.459
95.156
92.458
94.118
96.429
91.753
98.347
96.487
96.596
88.038
94.372
93.057
96.373
92.157
94.964
95.980
98.763
91.341
95.690
97.333
96.471
97.778
97.619
96.038
97.857
98.065
94.975
95.814
96.640
98.301
96.591
98.291
98.491
93.590
96.250
96.700
97.368
97.587
96.552
97.423
94.073
96.117
97.000
98.885
98.381
99.631
97.681
95.344
97.541
96.253
97.059
95.522
88.158
78.904
97.938
97.308
96.368
96.698
97.778
97.093
94.776
94.785
98.905
97.605
99.010
98.201
96.485
95.631
99.502
98.232
97.956
94.454
98.396
98.291
97.633
98.383
96.725
98.165
98.212
97.302
97.573
94.872
98.169
96.178
98.400
94.656
98.750
98.310
97.719
95.730
96.320
98.305
96.237
96.549
94.737
98.246
96.416
96.861
94.298
96.875
97.197
95.411
96.914
97.250
96.256
92.632
97.619
94.203
89.957
97.288
96.930
96.532
90.076
96.203
87.114
93.514
95.673
89.873
97.554
97.243
94.146
97.222
95.122
98.630
96.106
90.435
93.907
94.704
97.750
93.804
97.730
98.734
97.750
97.730
96.201
98.333
96.350
92.706
94.982
96.015
93.333
97.377
95.495
97.046
96.375
97.528
81.091
97.168
91.698
95.928
96.218
98.007
97.214
94.388
98.198
97.518
96.112
94.902
96.532
98.338
97.872
94.336
98.611
97.002
98.870
98.870
95.652
95.197
95.676
96.791
96.738
97.396
97.396
96.774
97.273
94.920
97.165
77.358
98.940
98.995
76.995
99.140
95.853
99.145
98.742
96.641
93.946
93.137
95.817
96.388
99.007
99.248
98.095
98.336
94.915
97.701
98.227
97.186
98.174
94.717
92.896
97.978
95.455
95.274
93.642
98.214
95.455
99.020
96.774
95.699
94.706
97.328
94.839
94.104
97.527
97.527
97.050
97.318
96.996
96.667
94.645
98.288
97.143
95.396
96.593
97.286
97.238
97.478
95.307
96.286
96.939
97.619
78.322
95.238
99.371
95.910
98.205
97.297
96.154
91.566
92.453
98.750
96.499
91.371
98.208
97.333
97.348
98.177
96.648
97.730
96.863
99.573
94.375
85.542
83.496
95.152
97.895
94.274
98.237
94.521
94.385
94.606
94.620
89.640
87.192
91.006
94.872
95.799
88.842
99.010
88.119
97.549
90.023
90.702
90.704
93.373
89.574
95.263
90.072
95.783
89.109
92.391
97.619
97.603
97.396
93.290
95.902
97.595
95.137
97.006
95.798
98.537
97.843
97.857
97.115
96.114
94.527
95.902
96.738
97.222
98.102
98.652
95.588
95.802
97.523
96.073
98.352
97.348
98.162
92.947
96.991
96.899
94.495
94.526
98.000
97.523
99.349
98.861
98.341
97.297
97.745
98.542
96.491
97.445
98.266
97.995
98.078
99.491
97.297
97.596
98.990
98.601
96.624
98.827
96.279
97.331
99.624
97.823
98.187
98.012
96.599
97.523
96.200
97.702
95.064
95.720
99.123
94.315
89.655
97.551
95.635
98.204
86.022
86.071
94.777
95.652
97.819
96.429
95.319
96.689
92.949
97.481
93.737
97.761
94.815
98.214
96.937
98.154
98.535
97.973
96.606
95.395
93.934
97.143
96.842
97.248
87.500
98.596
93.750
98.641
94.599
94.090
91.985
97.837
95.848
78.485
96.066
99.023
99.065
98.936
99.621
98.936
99.621
96.842
94.268
88.435
97.938
94.163
95.597
97.712
92.506
97.872
98.361
97.884
98.718
98.603
94.971
96.721
93.617
96.595
91.525
96.680
96.552
96.578
96.957
97.793
77.938
86.364
77.113
86.667
96.429
95.855
92.678
98.699
97.283
92.544
99.298
99.298
99.574
96.087
92.500
97.305
90.341
97.609
95.357
95.408
98.408
98.618
95.248
91.045
92.611
95.568
95.988
99.353
99.653
98.400
97.358
88.416
92.683
95.811
93.509
92.746
96.748
77.003
92.529
94.144
96.364
91.566
93.478
90.210
94.079
94.660
87.794
96.545
98.423
98.246
93.400
91.860
97.297
95.393
90.090
95.992
95.559
95.808
96.862
93.385
95.309
98.413
92.911
98.973
96.406
97.817
99.065
96.273
97.826
95.522
97.037
79.424
98.361
97.302
98.212
98.818
95.717
96.120
97.510
95.771
90.654
96.457
96.483
84.439
96.597
95.890
97.186
95.255
96.226
98.396
98.630
97.222
96.325
98.211
98.718
95.036
93.525
80.482
96.970
97.203
97.529
95.960
96.667
94.809
91.066
94.083
97.782
96.124
94.228
96.018
94.501
94.176
91.525
97.987
97.516
95.854
94.737
96.573
91.667
89.899
95.375
98.780
99.440
82.410
98.663
96.591
94.809
97.191
96.454
97.194
98.942
96.618
97.876
95.312
96.347
94.545
96.256
92.632
93.413
89.416
96.283
96.016
93.851
94.258
97.209
95.238
89.412
94.521
96.329
96.525
98.655
85.361
98.544
96.235
96.479
96.939
97.468
93.868
99.286
95.126
96.399
96.252
95.709
91.912
97.778
94.186
97.639
96.667
98.898
98.312
97.425
95.437
96.391
98.431
94.646
95.652
95.029
95.671
94.606
98.835
89.691
98.788
97.039
90.233
97.531
88.787
96.942
96.414
93.172
93.957
94.170
94.072
93.419
98.499
97.596
90.823
98.464
97.020
95.044
99.123
94.315
96.325
95.571
94.432
97.174
96.975
91.753
96.769
96.689
97.243
95.548
96.618
90.698
96.351
84.716
81.378
80.972
86.738
89.495
84.244
79.651
79.615
95.970
96.603
90.393
97.471
96.111
94.915
97.561
96.030
98.113
94.253
95.664
96.000
94.271
93.469
96.065
98.148
91.385
94.444
95.599
96.888
97.595
98.361
98.252
97.471
97.156
97.222
86.174
83.925
94.167
97.525
93.228
97.484
92.857
95.139
94.538
94.912
92.568
94.595
92.000
93.985
96.585
93.957
94.170
93.419
93.651
95.946
96.809
96.889
97.893
95.622
85.326
96.025
98.844
96.327
95.602
96.717
96.703
94.218
84.615
97.547
97.191
96.000
96.552
95.117
96.565
96.503
97.059
98.729
98.354
98.141
96.111
97.181
94.164
97.046
98.279
97.605
97.320
97.403
97.436
97.125
92.754
93.905
97.699
96.215
95.349
96.477
98.165
91.964
93.939
97.332
95.987
97.066
98.496
99.150
96.117
96.000
97.453
96.675
95.167
96.296
99.787
96.335
96.226
96.395
96.304
94.288
95.868
91.304
95.620
98.485
97.719
97.143
80.968
93.418
95.724
96.174
98.638
96.220
97.674
94.040
97.590
97.973
96.910
96.769
97.315
91.080
90.349
96.000
95.699
97.615
94.264
89.577
94.688
97.656
97.119
97.822
99.484
96.444
96.177
97.521
98.071
94.872
93.353
96.802
94.351
95.295
96.594
98.425
96.697
97.477
99.130
99.663
81.579
91.342
94.835
94.308
97.770
97.414
96.169
92.754
95.105
96.992
97.902
99.785
95.023
94.542
95.968
96.199
96.614
94.331
95.995
91.845
93.902
95.443
98.165
80.238
89.051
86.531
86.531
90.184
88.095
97.953
96.769
98.718
97.024
97.053
98.374
95.352
93.196
99.401
98.635
95.573
96.706
97.004
92.800
81.602
89.116
96.203
97.126
97.557
92.308
96.756
92.458
93.443
94.286
96.800
96.574
88.114
98.153
97.577
96.433
98.810
99.031
93.687
91.525
81.780
79.078
78.318
75.940
77.948
77.237
76.274
78.421
77.753
75.380
75.665
96.078
96.154
86.528
79.868
76.628
76.783
79.412
78.300
78.626
78.195
91.429
96.198
93.960
95.311
94.800
98.946
98.221
91.503
95.875
94.556
92.308
87.984
95.262
98.996
98.413
96.329
96.678
96.960
95.851
96.396
83.778
97.913
88.406
91.092
97.183
89.617
98.872
96.655
98.990
82.745
92.105
95.522
96.639
95.793
99.017
94.872
99.153
98.701
96.957
98.259
99.531
99.531
93.791
95.756
95.993
94.672
96.154
93.717
96.262
98.039
93.151
98.400
96.574
98.494
93.037
92.754
84.071
89.552
75.304
87.879
97.710
99.301
96.015
97.895
97.917
89.565
96.845
95.513
99.020
95.434
94.771
97.222
92.647
96.902
96.739
92.547
93.443
95.280
94.659
81.928
96.178
97.059
98.712
96.590
88.889
97.778
89.164
84.292
81.395
83.496
84.189
81.772
82.734
79.976
83.542
82.799
81.022
83.754
84.472
80.825
78.821
86.454
83.193
83.355
83.949
81.556
82.866
79.564
82.453
80.470
79.615
81.616
85.496
95.581
98.485
94.362
96.997
94.643
91.549
96.513
96.122
97.468
95.808
93.204
96.817
99.708
93.333
90.921
99.324
96.513
98.077
91.481
97.436
92.706
94.982
96.015
93.333
96.903
95.887
98.876
97.908
93.139
94.737
97.590
94.100
85.965
95.991
99.065
90.595
98.113
94.845
98.246
98.246
97.452
95.192
93.464
95.025
97.699
98.718
98.718
97.119
95.152
92.842
93.418
98.552
88.764
96.026
96.616
99.102
94.458
94.455
98.051
98.404
96.078
94.227
96.057
99.057
98.056
96.035
96.057
99.057
98.056
96.035
99.228
95.358
95.833
97.143
99.074
96.923
94.156
93.617
93.627
88.663
97.970
99.065
94.444
97.262
95.897
98.305
97.041
97.287
95.232
99.668
92.346
97.964
79.050
94.484
93.373
96.183
98.171
98.276
96.970
96.508
79.167
97.318
96.687
98.000
95.918
97.491
82.678
97.543
98.630
95.840
94.962
85.546
97.203
95.964
97.321
96.263
97.816
92.210
97.987
96.643
86.645
93.441
95.082
93.766
98.374
96.571
98.677
98.070
96.124
91.688
92.727
98.841
97.222
93.638
97.392
96.651
92.322
97.294
97.111
96.663
95.679
94.872
97.476
89.503
98.925
92.233
86.705
93.103
96.603
93.929
96.796
95.774
96.684
93.750
92.021
92.822
97.855
94.302
96.810
97.000
97.645
96.476
98.387
96.825
95.859
92.369
93.701
96.923
91.295
96.008
95.238
99.029
91.667
85.787
94.872
81.633
99.074
98.214
96.659
99.408
94.101
96.032
98.101
93.162
96.261
95.455
95.637
96.742
96.732
99.074
93.553
76.267
76.498
96.538
94.595
94.888
97.285
97.125
98.242
97.303
95.000
99.659
96.637
96.479
97.588
95.536
95.312
95.833
90.796
95.504
98.353
96.491
99.149
95.480
96.137
94.086
98.422
97.942
97.297
97.490
83.772
81.250
77.736
85.542
88.158
95.184
96.899
92.755
97.569
79.621
80.569
98.062
98.428
98.561
97.297
95.470
98.864
92.995
96.092
93.321
93.787
97.710
97.619
99.600
98.995
98.029
94.336
99.153
98.973
99.713
96.045
88.547
92.275
96.875
92.453
92.236
87.850
92.661
92.030
90.517
93.578
96.321
96.914
95.405
93.224
97.723
96.750
91.810
94.300
87.013
96.962
97.885
89.116
95.503
93.484
95.486
96.751
96.110
99.394
95.713
95.714
97.917
98.387
96.825
94.265
97.754
97.380
90.112
81.781
98.117
97.970
96.848
87.978
97.581
90.939
98.651
95.885
96.956
92.589
93.827
96.023
92.991
97.076
98.789
99.029
97.934
96.468
96.067
99.017
97.044
95.254
98.693
88.194
87.952
92.271
90.127
98.214
96.192
96.326
96.104
98.300
97.001
96.970
96.931
97.080
98.626
97.608
97.242
98.174
95.761
96.522
97.742
94.919
98.113
95.524
90.000
93.720
93.137
98.944
97.297
98.515
97.778
95.866
92.027
97.156
89.503
98.925
95.923
97.959
94.937
94.146
97.243
97.554
95.671
98.818
88.411
94.888
93.700
97.436
95.690
74.694
88.396
82.429
77.046
95.960
97.510
98.485
99.736
96.610
90.870
98.775
99.111
92.308
96.703
82.895
87.770
94.186
98.446
99.149
96.347
98.058
96.284
97.810
97.689
96.936
94.401
96.057
94.656
96.774
97.967
98.485
95.504
97.325
97.338
94.470
94.669
94.626
96.338
95.758
96.892
96.440
98.926
93.103
84.804
91.632
93.780
91.250
81.395
80.435
94.776
87.209
91.071
98.043
94.737
91.279
99.107
88.752
97.079
97.778
92.460
84.358
95.248
95.801
92.453
96.086
97.654
95.005
98.577
96.667
98.569
99.546
91.993
96.089
99.242
99.546
97.730
96.863
99.573
97.132
96.020
96.835
97.712
97.619
96.545
92.437
98.485
98.485
97.362
96.370
95.172
93.109
93.399
96.610
92.174
94.707
96.020
98.614
94.286
91.559
97.222
97.388
83.895
87.554
98.851
97.854
96.900
94.716
96.736
96.657
97.492
96.859
95.591
98.361
96.610
96.567
99.219
80.357
97.934
96.137
96.203
96.715
96.543
97.590
96.558
92.105
96.850
97.619
96.072
93.228
97.484
93.718
96.404
94.340
98.077
92.890
95.694
97.091
97.934
92.424
93.952
97.155
95.924
96.613
98.171
98.354
97.518
95.729
95.480
98.870
94.770
96.350
96.586
96.095
91.253
97.150
95.017
94.622
97.624
96.863
97.696
95.985
94.330
93.750
98.333
97.485
94.291
98.818
99.057
96.629
94.815
97.024
97.590
96.271
91.866
94.833
96.245
96.111
94.103
97.337
97.820
95.035
94.413
94.775
94.286
95.658
96.774
95.699
95.035
95.226
97.132
96.689
97.551
98.913
97.959
96.480
97.895
96.296
99.688
97.746
94.953
85.841
99.153
95.671
93.018
99.726
95.778
95.724
96.181
87.747
85.632
97.004
96.600
96.209
95.992
99.698
96.429
82.229
94.175
99.539
94.872
92.557
90.930
95.528
97.590
96.906
94.391
96.970
98.196
98.641
96.979
97.345
96.866
96.405
94.418
97.052
97.242
96.540
95.846
97.436
96.496
97.249
96.061
96.552
75.931
88.806
86.772
92.647
93.750
95.316
96.319
91.071
96.544
87.870
86.984
82.917
96.815
95.322
97.528
98.276
97.917
92.929
98.563
96.226
91.373
91.373
96.212
94.556
88.384
86.275
90.179
92.414
97.662
95.035
95.996
94.454
99.495
99.495
97.568
95.734
97.204
97.204
96.524
95.918
95.853
90.177
94.995
89.823
97.170
94.309
99.032
95.881
96.639
95.692
95.485
96.552
96.072
98.398
92.308
95.906
98.007
96.847
94.677
96.154
96.512
97.701
94.842
96.454
97.436
97.561
97.782
98.000
97.959
91.089
98.125
97.072
97.308
97.678
88.000
95.455
96.078
95.221
95.370
99.171
89.397
94.234
96.842
90.526
93.465
97.473
97.606
96.909
98.199
96.133
97.222
97.044
97.782
98.630
96.960
94.538
91.204
95.510
95.014
98.529
97.080
97.268
98.288
96.449
97.183
98.598
96.497
92.982
95.062
99.048
97.281
97.876
98.123
98.026
98.990
98.837
98.411
97.657
88.183
95.076
96.774
99.405
97.342
97.849
95.513
99.412
93.968
96.970
94.118
93.827
95.238
92.073
97.063
79.585
95.676
98.413
91.262
91.803
92.233
97.820
95.035
94.413
94.775
94.286
96.335
95.556
96.104
94.690
99.057
96.586
97.452
99.517
98.457
97.664
97.396
98.938
92.297
96.538
99.065
96.721
98.790
98.598
97.143
98.471
94.350
87.143
96.479
99.449
94.503
95.376
96.667
97.162
93.343
97.872
96.270
94.892
96.856
95.175
98.901
96.226
94.891
89.583
87.921
97.479
95.929
95.726
94.800
97.938
97.826
98.288
96.825
96.834
95.665
98.658
94.182
96.317
91.473
98.012
97.826
93.058
98.450
97.273
97.143
96.111
98.042
96.513
97.590
97.378
95.285
94.096
95.082
97.015
96.142
97.039
97.222
97.802
92.857
95.862
95.349
92.248
91.111
97.872
95.916
96.040
97.327
98.678
97.991
98.870
90.535
97.917
96.078
98.370
96.246
87.681
97.701
96.429
91.092
97.664
92.833
96.835
98.485
97.338
97.439
96.610
97.070
97.183
91.111
96.779
95.850
92.000
98.458
97.561
97.957
93.962
97.691
94.165
97.541
97.293
95.513
95.077
95.628
93.985
94.654
95.767
85.821
94.654
95.767
98.415
94.444
87.151
81.871
96.173
89.319
86.214
98.519
83.077
91.892
98.892
96.449
92.965
97.511
95.946
98.397
95.636
91.176
96.951
97.101
97.989
96.388
94.561
90.162
90.051
93.277
90.604
85.411
85.000
86.923
84.887
95.327
93.299
97.143
97.059
93.127
98.909
98.901
99.408
98.163
97.425
98.638
88.942
93.318
86.190
97.070
98.375
96.970
98.619
76.033
88.764
99.792
95.425
93.674
95.690
95.964
98.315
95.238
97.744
96.899
95.286
99.468
98.122
95.758
96.491
96.429
94.444
95.464
98.000
98.606
97.279
90.441
96.082
95.761
94.477
97.351
97.008
96.928
96.436
96.988
96.986
98.446
96.923
93.590
98.165
98.864
95.982
97.613
97.495
96.542
92.188
93.750
97.180
98.050
95.009
95.635
93.066
96.591
85.938
95.890
94.146
92.891
99.083
94.258
81.513
95.335
95.522
97.407
97.018
95.359
96.931
96.397
96.114
94.872
97.512
95.826
96.721
94.658
94.981
93.069
97.614
96.906
97.427
98.507
93.995
96.639
99.500
98.512
98.337
93.891
83.117
97.329
97.306
96.201
97.590
99.500
97.566
98.512
95.364
94.227
96.572
94.762
97.885
93.257
98.913
96.900
94.716
96.000
96.738
98.438
95.146
94.665
98.374
93.474
97.344
95.257
93.839
97.633
95.092
98.776
95.092
98.776
96.505
98.333
92.035
96.678
89.426
97.694
97.131
92.655
97.021
95.625
98.113
96.403
99.114
96.270
99.114
95.801
97.065
98.021
95.402
78.992
95.174
97.717
96.672
97.595
94.729
97.179
97.840
96.287
97.859
96.330
95.109
93.846
94.904
96.040
99.278
98.113
98.649
89.406
98.182
93.651
96.907
91.736
96.629
94.366
95.898
97.269
98.286
97.757
97.297
98.000
96.885
94.559
97.590
95.984
97.967
94.720
96.616
96.296
94.762
96.647
97.458
94.427
95.928
92.273
95.370
92.037
95.614
95.347
98.433
97.875
95.062
96.581
94.062
98.193
98.224
97.997
98.333
96.667
95.161
98.077
83.529
95.851
94.458
96.540
89.912
94.845
96.535
82.380
95.344
97.541
84.227
81.319
83.043
97.059
85.714
90.244
77.049
92.913
90.741
95.400
96.327
97.048
98.738
87.984
95.262
98.996
98.726
93.722
97.872
93.722
97.872
98.525
97.778
97.015
84.559
88.189
83.333
81.818
95.286
99.134
99.497
96.356
96.795
94.766
96.510
96.626
94.367
97.041
98.913
98.160
90.036
95.690
94.044
98.194
97.930
92.400
99.483
99.016
97.428
97.887
98.601
96.406
96.188
97.788
97.802
97.100
82.993
97.760
97.458
97.153
92.273
95.376
85.128
94.758
89.130
96.751
97.202
93.603
97.493
98.485
97.696
96.505
96.429
94.568
95.362
92.913
97.488
96.128
97.271
96.078
99.167
80.620
91.411
95.374
95.370
94.444
97.458
86.457
79.249
77.496
79.087
75.806
93.590
95.596
97.940
94.656
96.341
95.267
98.519
97.297
97.043
78.947
99.060
90.000
96.698
97.003
96.051
95.585
89.524
94.737
98.639
96.237
94.444
97.339
98.684
97.484
98.936
98.949
98.958
97.255
99.065
94.921
98.027
98.234
96.491
97.585
96.704
98.339
95.109
99.087
98.684
95.567
96.997
98.370
98.292
95.068
93.023
93.701
95.459
95.774
96.406
96.246
97.070
97.361
94.607
94.633
99.038
95.772
96.712
97.241
95.327
96.421
93.065
94.198
98.020
89.153
91.645
98.148
97.357
94.028
91.809
97.535
98.529
95.355
91.463
94.258
97.455
96.226
97.436
91.228
96.066
96.979
97.484
96.737
97.357
98.148
96.571
98.704
96.832
97.320
96.759
94.142
90.286
96.730
98.077
98.279
97.605
96.667
97.235
88.451
88.720
98.700
97.681
96.216
95.726
92.929
96.288
94.054
79.798
80.966
94.848
97.022
98.489
87.336
85.167
88.210
94.553
96.198
94.653
97.143
88.325
98.810
91.818
88.785
93.045
87.791
84.699
98.810
91.818
88.785
85.239
92.308
92.819
91.919
91.092
95.885
96.989
88.095
97.645
97.279
95.257
93.839
95.058
96.218
94.805
95.840
94.962
97.543
98.630
97.071
97.814
94.086
96.813
95.755
95.489
94.585
93.750
85.714
84.722
93.567
95.561
94.754
97.931
95.770
94.217
93.878
96.466
97.436
98.750
97.321
96.578
96.349
91.554
97.987
98.947
97.973
96.910
96.231
96.711
95.745
92.188
95.935
94.479
95.322
96.802
98.876
95.299
95.283
96.990
97.284
95.210
96.436
98.058
95.291
94.701
97.363
98.250
97.468
94.774
95.349
98.953
94.265
96.304
95.606
99.043
97.669
97.710
95.445
96.842
91.053
93.766
96.104
96.839
98.222
96.846
96.350
96.163
96.875
97.967
95.990
98.229
93.741
96.624
94.964
97.423
97.514
94.420
98.907
95.250
91.742
98.276
97.096
96.835
95.069
97.917
94.949
92.749
91.808
77.551
97.386
94.632
99.688
96.279
94.340
96.154
94.737
91.279
98.185
79.121
97.899
81.924
82.374
98.792
95.401
99.048
95.948
99.550
99.550
98.257
97.076
97.468
92.130
92.965
96.261
97.481
98.161
98.222
98.701
98.462
94.828
98.058
98.559
94.430
96.749
94.366
90.576
93.302
92.126
98.095
97.687
98.194
97.360
96.715
95.664
96.301
95.509
94.599
96.865
88.496
87.669
96.121
97.248
95.898
93.925
96.330
98.765
96.110
98.059
87.424
84.300
84.018
98.171
97.113
94.886
94.021
93.688
94.898
97.500
95.111
97.521
96.150
95.943
97.265
97.143
93.709
91.686
82.609
93.659
98.131
98.175
95.575
90.000
96.635
96.892
98.905
96.975
97.674
96.252
99.203
96.985
98.276
97.866
96.429
97.323
97.183
95.755
93.667
91.884
95.164
96.870
95.455
95.455
97.668
96.857
96.674
96.364
98.667
99.291
96.988
93.275
91.429
97.719
94.664
97.886
97.456
97.337
96.296
99.194
99.194
98.198
97.788
97.865
94.362
96.491
97.613
97.521
98.246
97.659
97.290
97.826
96.499
98.117
99.068
97.074
94.357
96.479
96.125
93.623
90.827
88.095
98.627
94.492
94.262
87.636
88.596
92.063
86.250
97.523
97.016
96.962
97.980
98.729
98.684
97.377
98.222
81.690
81.532
81.532
85.870
78.411
80.870
76.471
87.500
78.261
96.552
96.748
95.714
95.445
94.223
93.785
97.204
87.500
98.621
96.372
94.203
92.208
98.039
97.368
98.862
99.776
93.860
97.634
98.400
99.638
97.222
98.950
98.973
97.506
96.280
97.154
98.718
96.939
97.900
97.143
96.859
98.784
98.778
97.326
98.141
99.190
97.177
98.182
85.043
84.800
84.000
88.950
90.000
98.039
97.368
89.258
88.538
88.132
88.235
87.623
87.377
87.475
86.561
86.214
86.024
86.255
85.686
85.404
85.385
84.980
84.861
84.980
84.356
90.374
83.900
85.250
85.549
83.591
87.805
90.419
88.690
92.857
94.737
96.692
93.548
96.748
96.591
98.661
97.044
98.039
95.633
90.196
90.505
98.276
96.402
93.056
97.312
97.036
96.255
97.936
96.941
98.082
98.374
97.333
89.827
97.549
85.235
92.246
81.333
95.714
98.551
91.503
94.595
92.829
89.683
96.651
96.419
95.770
96.066
98.691
94.162
99.254
98.680
96.667
98.425
97.375
94.709
96.916
94.457
95.417
96.774
92.509
97.938
94.589
80.233
96.591
96.352
85.253
98.227
97.674
97.865
98.148
96.327
97.065
99.550
97.661
93.506
96.505
96.237
96.183
93.011
97.449
91.469
94.434
94.512
98.413
96.842
99.055
98.996
96.581
97.179
91.463
96.729
96.818
97.222
98.193
96.471
96.528
98.165
96.164
96.774
97.086
96.719
98.286
96.798
97.059
94.674
96.414
95.851
96.785
79.808
96.581
97.673
96.578
97.017
98.316
99.057
96.063
96.995
97.037
96.471
98.706
99.206
99.136
90.233
98.571
99.156
99.408
99.408
95.279
97.222
99.448
98.488
98.148
95.372
96.350
95.751
96.237
98.400
97.304
97.989
97.403
96.616
93.177
91.667
91.111
94.643
96.875
94.078
88.518
97.727
91.228
87.987
91.554
97.987
97.072
96.795
96.471
96.073
96.891
97.399
99.755
97.765
96.626
97.794
97.297
97.751
96.757
95.287
95.283
95.161
99.068
94.541
97.143
94.891
95.205
94.309
88.768
98.696
96.764
97.959
92.943
94.661
98.828
93.927
96.060
94.304
86.455
89.922
91.304
96.224
96.351
81.056
79.271
79.245
79.891
86.738
89.495
84.244
79.651
79.615
94.620
95.690
94.109
92.939
97.557
98.246
99.767
98.726
97.044
98.039
96.087
93.739
85.409
94.054
99.784
98.257
97.327
96.429
96.671
96.516
93.408
94.637
95.322
95.068
97.227
96.078
98.444
99.689
98.129
92.579
96.899
98.907
92.735
98.077
98.029
96.364
96.592
99.259
92.246
81.333
96.913
86.902
93.827
97.734
96.725
99.296
98.196
96.759
96.846
96.190
96.000
91.568
98.916
97.358
97.368
97.302
99.145
98.238
94.444
96.022
98.592
95.661
98.655
96.957
95.415
98.256
93.191
97.094
97.083
98.429
99.041
97.977
97.222
97.183
97.590
89.247
85.952
84.807
84.138
86.008
84.375
79.310
77.872
81.081
88.679
87.255
83.640
89.362
80.122
81.124
99.254
93.261
97.647
98.367
95.485
95.271
95.039
94.916
96.246
96.186
96.185
92.637
92.528
99.277
99.671
96.566
97.789
95.050
96.219
92.857
98.507
95.220
97.264
97.736
96.226
97.965
96.833
97.023
96.139
97.826
94.515
98.566
92.195
88.702
97.177
96.990
88.764
86.325
88.952
98.026
98.623
97.619
95.261
96.436
87.692
94.456
83.436
97.928
95.561
98.571
97.887
96.078
82.812
94.382
91.701
94.970
95.633
97.126
96.296
96.386
96.984
99.203
95.946
96.141
81.377
89.835
78.279
96.595
93.750
95.093
95.906
98.565
96.479
96.578
93.816
96.970
97.101
96.847
98.765
98.680
95.631
97.906
98.634
89.617
90.226
94.023
98.174
98.316
97.881
96.992
88.832
94.587
91.312
98.507
95.192
91.707
96.884
97.902
96.512
90.528
95.238
97.744
98.958
99.565
94.286
94.472
96.845
96.943
93.472
95.671
97.436
95.988
97.331
98.246
98.649
97.651
96.104
92.746
87.006
97.605
97.406
97.154
85.839
86.000
86.131
99.387
94.771
95.745
97.931
98.995
88.387
96.352
98.018
97.742
96.923
89.583
97.066
95.846
97.436
96.266
93.654
99.295
85.246
93.475
94.350
96.347
98.502
97.067
96.474
91.868
82.482
94.986
94.258
94.928
99.401
99.178
96.793
96.142
94.608
97.834
91.107
96.552
87.179
91.919
95.210
90.050
88.276
96.359
93.548
95.518
97.720
97.082
96.698
97.529
97.767
96.907
96.845
98.810
94.810
93.878
96.697
88.131
97.872
97.917
98.148
95.378
95.992
97.570
99.365
98.611
97.094
90.503
95.506
97.531
85.542
94.587
96.681
96.491
78.049
86.198
93.210
95.009
96.000
97.948
98.969
94.993
95.620
97.080
99.367
95.160
95.473
97.241
96.667
97.909
99.265
96.110
99.167
93.443
93.233
97.674
97.446
98.660
92.958
97.297
93.418
98.552
97.517
98.062
98.200
98.663
98.243
97.023
99.194
96.663
95.679
94.872
94.090
91.985
94.599
96.508
99.732
95.357
98.905
99.130
97.229
96.296
94.458
96.854
91.437
96.849
96.948
96.589
98.789
97.004
94.737
96.226
98.221
97.196
95.586
94.839
97.482
97.458
98.712
97.877
94.862
95.026
96.035
96.134
94.937
97.910
96.581
93.750
92.560
97.004
96.444
89.796
88.591
95.356
98.925
95.946
92.375
96.716
91.928
96.296
94.811
98.898
96.247
97.781
94.972
97.235
96.552
98.509
98.077
98.034
98.529
96.852
91.429
96.959
97.436
95.652
96.226
96.744
93.720
97.244
99.405
96.516
97.021
96.436
97.571
98.876
96.296
89.883
90.613
88.327
95.604
95.302
95.614
95.379
95.862
97.951
99.252
96.970
96.947
95.968
84.940
98.742
99.444
94.199
98.045
95.916
96.325
82.944
91.249
91.503
93.333
84.264
96.212
94.939
97.430
92.603
98.571
95.885
88.889
93.995
95.122
95.376
97.801
97.665
95.051
97.248
96.552
94.643
87.429
99.436
96.667
97.297
98.900
94.872
97.041
88.472
98.148
98.524
98.148
98.524
96.094
98.214
98.214
96.511
99.724
98.693
97.551
92.564
97.015
94.278
92.994
96.473
96.811
94.737
92.435
98.507
92.561
96.000
87.354
86.686
99.012
96.825
90.939
94.382
96.601
94.911
97.138
97.048
94.626
78.611
96.795
91.018
97.122
93.843
93.873
96.622
95.225
87.500
95.055
98.571
98.675
95.556
96.104
82.979
94.286
96.906
97.482
97.087
99.265
99.265
98.522
97.781
98.198
93.213
95.506
94.000
91.855
92.857
91.000
94.839
96.274
95.960
96.624
94.964
93.252
90.047
96.957
99.194
97.588
96.190
92.612
97.337
98.658
98.183
98.221
97.196
97.474
93.319
97.020
95.259
98.015
98.246
94.255
94.161
97.627
95.780
95.509
95.625
98.361
96.923
95.918
97.186
94.375
98.022
99.327
80.938
99.549
93.862
98.230
96.573
95.000
97.064
96.421
93.478
84.211
98.161
96.293
95.495
98.103
99.142
96.429
95.772
95.231
98.193
95.918
97.872
97.354
94.286
95.759
98.258
96.247
98.651
95.417
96.774
99.065
99.211
95.316
95.374
96.172
93.600
96.499
86.228
85.517
97.942
95.699
95.590
93.156
99.670
99.670
89.571
94.978
96.774
91.798
98.795
96.026
88.764
95.680
91.765
93.162
97.257
97.884
82.979
92.895
96.508
98.726
89.565
97.756
95.652
90.763
91.391
96.188
95.721
96.763
93.233
95.414
96.403
96.270
96.610
95.690
98.333
96.842
86.281
98.095
99.847
96.733
96.584
88.613
96.772
93.496
96.125
97.476
95.122
98.387
95.600
97.193
90.909
95.948
95.286
94.309
97.761
99.527
97.826
97.985
97.849
97.849
89.485
94.231
96.146
93.489
96.388
97.518
95.308
98.065
91.385
97.674
96.513
92.966
92.966
94.928
99.057
98.630
96.309
95.714
93.841
98.693
94.543
97.321
96.341
97.664
96.140
93.333
96.591
98.142
98.441
96.939
89.041
95.128
97.566
98.382
93.598
95.980
99.322
98.910
95.288
98.148
98.345
98.913
98.913
94.947
83.573
91.139
90.802
96.122
97.674
99.299
95.722
98.783
90.536
99.644
95.618
96.599
98.365
87.349
86.029
87.864
84.314
86.174
87.937
86.486
83.456
96.137
94.821
99.228
97.163
95.322
96.410
97.222
96.010
82.908
96.526
96.990
92.683
91.870
98.074
98.074
96.546
95.181
98.276
97.582
96.802
96.545
92.437
96.682
96.596
97.109
95.522
95.444
97.203
85.246
99.065
94.794
98.166
91.209
98.343
97.222
82.908
97.080
97.639
97.586
98.770
96.667
99.677
94.583
95.434
92.720
94.536
87.179
95.755
97.188
98.765
97.899
96.344
96.049
95.261
95.080
99.340
97.422
91.228
94.017
97.170
98.467
98.667
95.504
93.796
92.547
93.443
96.315
96.000
96.347
98.347
80.952
77.228
94.706
96.198
98.513
94.109
91.249
98.317
97.015
90.293
96.979
98.256
91.667
92.447
95.332
88.722
92.647
96.907
95.075
92.030
96.960
98.630
91.525
96.617
95.701
97.500
96.375
96.226
97.390
99.509
92.079
99.267
99.160
93.469
97.852
97.750
93.046
96.317
97.639
99.167
97.185
96.891
98.810
92.357
97.973
94.268
95.455
96.777
94.167
93.659
96.861
98.611
97.044
87.685
98.606
96.410
93.333
98.120
97.810
97.599
99.048
96.875
94.815
96.970
97.030
94.043
94.083
99.492
98.083
98.485
94.904
99.187
99.187
95.477
94.598
85.992
99.582
95.605
93.359
95.533
99.738
94.759
98.715
98.551
94.805
94.186
98.507
99.444
97.106
97.051
98.728
97.814
91.830
97.072
94.057
97.742
96.023
88.131
87.417
87.452
89.048
85.654
93.182
88.172
88.520
88.041
87.073
87.786
87.766
87.632
88.301
86.514
87.105
85.749
86.280
85.751
85.942
86.630
85.037
85.411
85.752
84.433
86.585
85.475
88.581
87.712
87.065
87.879
83.069
90.991
85.366
82.927
91.629
92.754
96.569
97.482
97.980
90.722
95.745
89.313
93.506
96.951
98.498
97.521
96.386
98.291
96.565
98.351
96.970
96.552
94.777
95.652
95.248
93.443
92.105
97.222
96.274
99.717
94.974
96.078
96.842
91.053
98.280
97.757
98.155
98.957
96.656
98.020
97.315
97.468
97.959
93.006
98.390
97.368
98.404
83.117
96.109
95.257
90.947
95.989
97.812
88.816
99.444
90.991
96.676
96.616
97.500
95.111
97.521
93.688
94.898
99.787
92.528
97.455
97.185
96.661
99.441
96.384
97.841
96.250
97.386
95.464
98.000
95.276
96.094
97.089
95.319
96.347
98.347
95.821
95.957
97.959
95.714
95.652
94.203
95.885
90.230
90.798
95.928
91.398
98.677
86.943
98.718
98.718
96.779
84.641
89.937
96.324
96.021
97.527
85.263
97.353
98.822
98.718
97.854
97.575
99.099
96.914
96.835
95.850
98.367
97.158
96.248
95.082
83.361
96.099
92.734
97.987
94.812
94.277
97.175
95.767
87.216
97.674
98.551
95.750
93.587
94.715
94.608
96.250
98.684
99.050
94.393
97.500
95.129
95.951
98.446
87.193
97.436
98.563
94.539
97.455
97.947
83.333
95.419
99.501
99.538
97.414
98.876
96.498
97.710
98.496
99.327
95.107
93.578
88.764
98.043
97.389
96.825
90.759
96.127
94.344
97.917
95.764
90.441
97.436
97.432
98.047
93.151
97.108
98.049
88.510
96.992
99.495
97.665
98.238
97.823
96.689
97.551
97.484
96.000
86.772
92.647
98.693
98.131
95.885
98.606
95.908
98.077
98.077
97.510
93.011
87.500
99.363
94.362
96.128
97.383
84.324
96.474
96.087
97.761
96.269
97.931
96.188
97.664
93.048
94.964
99.582
98.770
84.532
79.210
82.734
79.121
94.872
92.632
89.677
96.330
94.286
96.204
96.350
97.368
95.011
97.059
96.725
96.588
97.648
96.285
97.908
94.406
96.646
97.810
99.167
96.679
97.638
92.000
97.377
94.849
96.596
96.094
93.593
93.864
96.762
88.411
98.718
96.173
89.319
86.214
98.519
83.077
96.413
96.296
94.521
98.783
98.837
99.398
96.658
96.763
96.875
96.901
84.755
93.770
99.671
97.302
96.819
98.454
95.341
94.215
96.886
97.712
96.513
96.380
96.462
97.222
96.313
97.849
95.918
94.527
86.704
92.216
97.476
93.151
97.494
95.996
93.151
97.862
96.117
98.301
96.875
95.902
98.069
95.265
99.265
91.677
96.770
95.522
96.602
95.635
94.472
96.117
96.117
99.449
97.665
95.668
94.643
95.131
98.692
97.318
97.073
97.611
96.970
95.385
96.581
93.790
95.316
97.788
96.454
99.153
95.778
94.474
92.872
97.753
97.918
95.932
95.035
86.190
90.909
95.853
98.628
97.443
92.030
97.436
82.993
98.726
99.454
98.810
99.076
99.468
94.268
95.434
96.154
96.714
98.162
98.795
96.584
98.140
87.302
85.934
88.972
98.378
98.127
98.160
95.631
97.561
90.936
94.986
98.649
98.305
98.109
98.901
96.746
98.730
97.863
96.774
96.389
98.507
96.183
98.246
96.552
97.002
94.118
93.182
95.706
95.882
97.809
98.182
95.315
98.165
95.029
95.686
91.538
91.773
97.784
98.571
95.682
98.462
96.269
93.706
91.724
93.407
99.074
97.368
95.405
95.440
89.677
95.204
97.875
98.519
96.601
96.283
97.403
94.509
94.633
98.148
98.431
94.052
98.603
98.077
92.537
95.726
94.054
91.371
96.581
98.990
97.849
98.563
97.772
95.931
89.489
94.702
96.460
98.286
95.868
97.015
90.528
98.011
98.083
96.667
95.888
96.229
95.356
97.232
99.157
98.221
99.145
91.542
98.084
98.354
99.317
94.234
96.842
94.834
93.286
96.000
96.733
98.462
95.652
93.239
94.286
96.349
97.422
93.171
87.273
96.252
97.842
96.882
95.495
98.101
77.426
97.177
95.519
95.368
98.605
89.167
97.590
93.291
97.701
92.322
98.340
96.308
94.839
96.509
95.938
96.435
95.323
92.826
95.082
99.156
99.156
98.397
94.242
96.970
97.674
94.087
97.129
95.833
94.690
97.642
98.802
98.182
95.556
96.186
93.415
97.222
98.465
94.416
96.835
93.229
98.113
92.424
98.072
96.022
95.508
97.899
99.076
93.886
94.760
96.875
92.441
88.203
86.220
88.038
91.463
82.749
89.916
86.142
86.010
85.070
85.980
83.277
81.649
82.664
80.063
85.976
84.375
87.500
82.671
82.403
98.340
91.923
97.991
99.261
97.823
95.957
93.750
92.208
94.902
96.888
95.745
98.630
97.786
95.745
97.778
93.607
97.327
98.253
96.639
87.500
95.139
92.105
98.371
99.142
90.000
97.615
99.505
95.166
93.593
91.257
98.438
95.199
97.151
99.248
98.157
97.297
97.230
94.804
95.065
98.276
96.985
97.217
97.901
95.327
93.299
99.062
99.144
96.429
95.139
92.788
99.020
97.959
82.500
93.127
92.593
97.198
99.034
98.974
96.040
97.436
95.805
97.241
97.875
96.333
97.895
97.406
95.536
94.915
83.895
99.013
85.049
98.404
96.552
97.990
97.312
96.512
92.871
98.819
97.436
98.661
92.708
94.792
94.298
94.183
98.351
99.167
99.448
85.284
98.643
93.939
98.271
99.048
95.082
96.257
97.800
98.030
95.829
95.716
99.277
96.891
98.793
90.278
94.030
95.015
98.104
97.376
97.659
96.901
96.577
87.179
98.933
92.080
97.468
98.029
96.078
99.708
99.764
95.202
98.765
75.765
94.690
99.367
95.254
97.254
93.697
98.261
96.949
94.444
99.627
96.465
94.521
93.962
94.538
95.500
94.444
95.425
97.479
97.895
94.645
98.201
95.021
80.723
88.952
96.734
96.250
96.930
98.057
97.212
97.235
99.057
97.917
96.591
94.809
97.345
96.391
90.643
98.770
98.253
98.266
99.231
94.604
98.810
96.482
95.331
99.145
95.641
94.034
95.522
94.969
94.109
98.387
90.397
97.005
95.807
96.805
96.040
94.074
97.857
96.703
93.573
88.398
93.573
88.398
96.244
91.927
95.082
85.846
85.987
94.737
87.387
83.268
86.190
88.372
93.878
93.113
85.479
85.549
91.020
84.566
84.539
83.688
89.119
82.258
95.588
98.142
98.142
96.296
98.718
88.404
96.538
97.238
95.455
97.800
98.106
97.740
90.909
99.130
95.808
98.909
95.238
96.491
96.417
96.683
92.857
95.699
92.899
89.894
96.104
99.699
99.320
97.887
97.712
96.753
94.522
91.579
99.194
96.864
96.765
97.778
94.972
97.643
89.793
97.381
96.692
98.438
99.038
82.796
95.652
92.992
91.787
84.375
88.479
83.513
94.760
93.151
98.538
96.353
98.529
98.529
97.504
97.170
98.261
97.692
98.099
98.264
95.109
99.318
96.190
94.095
96.190
93.598
98.462
98.859
98.859
95.864
99.029
97.201
99.383
92.655
93.607
97.854
95.312
97.024
98.458
96.658
97.683
95.106
99.197
98.060
97.817
97.216
95.480
97.460
95.928
98.780
97.399
96.262
99.365
96.154
94.175
95.734
96.833
92.494
98.142
98.980
98.113
91.765
99.702
97.348
98.367
98.031
95.178
96.721
98.540
98.522
97.821
97.761
98.276
97.772
93.061
89.542
92.374
96.450
99.286
94.444
91.515
98.240
94.046
98.689
98.780
99.561
93.884
96.347
98.347
93.252
92.632
93.229
91.729
98.551
97.297
89.404
89.041
86.792
90.076
87.313
98.113
86.667
93.878
95.946
99.235
98.008
89.950
96.842
98.846
88.272
97.658
75.080
91.713
97.280
90.616
95.181
97.727
99.160
89.623
90.811
98.537
91.262
92.308
99.668
94.444
97.458
97.619
97.436
93.194
99.454
99.234
94.900
92.547
95.455
95.208
99.417
99.702
99.702
99.123
99.123
95.775
90.256
96.574
96.715
95.801
95.775
98.325
98.579
94.972
96.178
98.785
99.123
97.500
93.704
94.977
88.776
96.881
98.295
94.851
98.586
95.780
96.088
98.095
97.309
95.773
97.161
96.508
97.635
99.351
98.667
94.940
95.630
95.455
98.077
93.531
96.824
97.143
86.154
90.141
97.019
99.509
97.967
98.148
97.523
96.864
92.857
96.190
98.788
95.291
99.065
98.649
95.680
98.413
98.058
99.733
97.761
96.104
91.772
94.776
93.684
94.928
95.632
96.059
98.467
95.364
95.694
97.667
96.405
98.122
97.631
96.451
97.071
94.952
99.438
92.167
85.987
87.395
92.857
87.281
87.500
87.135
91.228
93.151
93.200
97.500
91.987
92.704
95.142
91.538
97.059
98.423
94.340
93.396
97.701
98.214
94.139
91.956
92.347
93.939
97.066
99.245
90.170
93.211
92.537
94.928
96.232
90.260
91.941
87.755
87.160
82.828
84.472
83.929
78.066
77.448
91.549
97.819
98.333
97.581
95.560
99.265
97.589
92.800
98.634
92.793
97.913
88.406
98.810
99.689
98.268
96.075
95.450
91.247
95.745
93.590
97.768
92.806
98.361
99.315
97.834
94.512
97.143
97.764
97.788
99.160
98.161
94.575
98.316
96.748
96.644
91.519
98.058
96.203
95.161
95.522
98.419
96.510
94.949
97.829
95.946
95.149
99.074
99.048
86.649
95.635
96.850
96.482
97.059
86.400
83.465
91.549
96.581
97.756
93.750
89.051
93.528
88.372
96.875
98.043
94.222
94.222
98.187
96.990
97.556
98.611
93.141
97.727
89.623
96.209
97.079
98.537
98.068
96.564
97.959
95.547
97.232
95.312
94.667
95.808
97.942
96.078
92.059
96.386
93.814
99.531
95.686
95.699
96.000
95.373
93.946
85.562
96.423
95.764
95.677
98.000
95.890
94.649
98.413
99.231
97.636
94.118
96.388
79.193
98.312
93.056
93.431
91.111
97.368
95.858
93.929
93.846
91.667
95.763
93.780
96.610
92.742
91.890
92.568
98.292
98.000
96.154
96.573
95.805
94.009
77.626
98.844
96.919
98.163
95.958
96.610
77.709
79.790
78.788
78.613
73.667
75.885
86.502
79.868
76.709
76.818
77.973
76.545
75.120
78.626
91.429
97.337
96.457
94.808
96.181
95.276
96.476
95.460
95.851
95.755
94.626
96.338
95.758
95.627
98.864
96.512
96.506
98.276
97.170
97.930
97.283
96.085
98.773
97.990
93.908
94.043
96.383
98.317
95.033
92.872
97.071
95.833
97.583
93.730
93.158
98.011
87.791
98.802
93.836
79.111
82.090
98.519
94.087
97.087
89.977
93.018
98.827
94.541
98.667
97.290
93.750
96.109
95.833
97.051
97.468
98.667
97.578
95.856
96.199
94.972
98.579
98.325
95.775
90.385
95.801
97.449
99.776
97.981
98.964
95.781
98.688
96.154
97.521
97.030
98.618
97.561
97.619
98.299
97.468
98.378
97.287
97.691
98.214
98.473
99.167
95.062
99.270
94.828
96.703
97.429
95.082
98.479
96.190
95.588
88.785
98.000
97.416
93.701
94.656
96.734
97.590
96.241
97.462
95.610
97.656
99.576
97.719
99.479
98.252
98.069
92.339
95.448
96.930
92.952
94.198
97.500
96.667
90.130
97.200
97.826
97.931
97.692
96.970
98.846
77.996
94.336
93.094
98.031
94.203
93.502
97.342
97.849
94.707
98.563
94.744
95.658
96.519
96.823
99.297
98.690
95.238
98.333
83.987
89.852
86.594
97.458
95.082
94.537
98.944
99.286
99.320
97.640
96.875
98.106
94.167
96.352
98.553
99.764
96.335
97.668
96.831
99.057
94.216
92.742
94.410
94.928
98.418
97.297
98.566
96.931
98.077
93.123
96.707
97.068
95.031
97.938
96.347
94.545
97.566
98.382
96.359
90.132
97.199
91.358
97.521
96.643
98.993
97.656
98.410
97.619
98.228
96.779
98.325
98.126
97.183
96.163
97.472
94.914
97.786
98.425
96.532
97.794
97.802
99.376
82.759
96.250
96.238
95.798
96.891
92.357
98.228
97.015
98.071
97.227
94.357
91.089
95.865
97.170
98.467
98.667
99.091
97.436
89.804
96.658
92.187
89.068
94.043
88.909
84.928
98.492
95.739
94.149
98.697
96.667
94.400
98.352
95.825
98.193
96.040
95.791
95.852
94.607
96.870
94.902
95.101
96.774
97.723
96.386
97.403
97.338
91.449
94.186
97.980
97.679
98.051
98.889
96.509
90.476
96.496
96.719
93.651
98.611
95.897
94.821
97.396
95.790
97.279
93.514
95.279
98.765
97.318
96.364
97.059
94.087
96.250
94.553
82.437
97.691
97.590
93.730
92.632
92.683
97.674
93.760
90.160
97.781
96.875
96.401
96.575
98.837
97.954
98.989
97.241
98.088
95.886
96.460
98.062
95.532
97.196
98.276
99.084
98.847
97.456
94.954
96.721
97.335
98.259
99.458
97.143
96.649
97.222
92.492
97.177
93.805
96.496
96.399
95.483
96.142
96.937
97.143
95.951
98.582
97.380
95.853
99.333
96.212
81.562
98.328
97.809
97.541
98.246
98.479
96.190
96.107
97.768
97.041
92.635
94.079
97.287
96.714
99.515
90.217
97.197
96.839
95.302
95.702
95.098
95.811
93.509
95.185
92.958
92.958
92.529
94.144
96.364
91.566
93.478
98.824
97.466
94.156
97.764
96.998
95.686
96.429
95.082
94.773
98.529
93.433
97.652
85.294
95.833
92.105
94.946
79.791
90.625
91.376
79.371
98.450
94.444
91.489
96.189
97.095
95.082
99.000
97.287
98.246
97.544
92.287
92.896
99.653
98.004
98.058
96.714
97.154
97.810
92.421
96.795
94.650
94.659
97.245
94.180
92.167
94.371
98.704
95.918
96.769
99.533
99.265
96.800
96.200
82.487
91.598
81.074
97.235
92.771
91.111
93.459
90.262
94.776
95.679
83.457
96.667
97.342
96.248
95.082
92.157
93.883
96.043
97.030
90.132
98.538
97.076
98.234
97.527
96.643
98.015
97.557
98.869
96.907
95.861
98.925
98.276
97.171
98.058
95.062
96.565
90.206
99.219
97.194
99.474
98.925
95.851
98.283
97.521
96.965
95.854
96.639
96.643
98.913
99.048
94.761
95.745
98.355
97.938
97.879
97.761
96.067
98.582
99.512
96.560
95.921
93.525
94.226
97.849
98.618
96.154
96.364
94.228
98.435
99.441
99.138
98.671
98.198
99.588
96.869
96.997
96.117
97.000
94.073
97.423
95.402
91.765
93.229
96.589
95.251
95.864
93.043
97.122
92.747
94.326
96.702
92.949
94.655
99.202
95.560
97.834
97.290
87.117
94.118
95.876
99.573
98.113
96.644
95.475
97.584
99.353
95.376
97.801
97.665
95.051
97.248
96.552
95.070
96.610
95.395
97.665
93.966
95.697
94.340
96.066
94.533
98.477
93.130
93.316
94.896
99.237
99.487
89.416
94.149
81.787
95.949
93.963
83.942
95.763
92.784
98.625
97.266
98.413
96.493
97.619
98.495
98.206
95.499
97.143
92.821
99.581
95.380
95.992
97.170
97.738
95.502
94.872
84.826
96.047
96.757
93.838
98.644
96.195
96.753
97.576
96.956
97.403
97.338
95.270
98.527
98.838
99.060
96.875
98.444
98.008
97.989
91.503
88.881
84.527
87.225
97.554
81.579
91.638
97.376
96.423
90.521
92.708
92.911
96.094
96.919
93.092
93.717
95.616
95.605
98.625
95.627
98.045
97.938
96.061
96.279
94.340
96.089
97.235
96.324
90.349
98.133
97.557
86.667
96.403
93.774
95.238
95.763
91.708
90.524
95.964
97.321
97.543
98.507
79.193
85.459
93.529
97.719
98.534
97.324
96.649
97.830
93.304
99.209
96.582
92.140
95.463
95.319
93.519
86.466
97.917
97.561
96.639
94.719
93.818
96.703
96.515
94.418
96.000
95.699
96.164
86.923
79.957
95.370
92.037
95.614
94.068
96.199
91.912
98.489
98.692
88.272
99.130
88.947
89.737
98.276
98.795
96.833
96.096
98.824
98.261
98.946
90.503
96.360
95.801
96.436
98.058
95.415
81.967
95.466
83.197
96.396
98.026
92.735
98.077
95.658
97.222
91.447
84.028
92.505
97.318
93.689
92.673
91.566
98.039
98.431
98.246
96.736
95.043
97.285
96.916
96.774
96.244
93.357
93.321
95.465
94.493
97.175
97.765
97.333
96.825
96.903
97.561
95.679
94.845
96.063
98.833
96.552
95.160
95.473
97.403
97.279
95.375
97.742
98.905
96.975
95.900
95.928
98.729
96.629
97.798
95.471
98.537
95.973
99.471
98.085
98.356
93.363
97.625
96.802
96.784
96.128
96.637
95.553
96.774
97.059
99.344
96.970
99.034
98.018
95.062
97.228
98.292
98.000
97.619
98.603
86.753
99.123
96.185
95.789
94.697
91.743
96.106
90.435
95.596
96.552
96.077
90.000
98.039
94.108
93.583
93.816
94.505
80.134
96.484
97.386
98.765
95.362
99.669
97.735
97.159
80.451
96.022
95.861
97.297
96.730
94.545
94.794
95.789
97.132
97.360
89.447
95.238
96.820
96.296
99.649
92.276
99.531
97.119
98.681
88.663
96.751
98.361
96.591
94.118
99.087
95.502
93.697
95.763
95.833
93.187
95.948
99.115
82.734
98.827
95.487
95.425
95.652
96.998
98.738
96.375
97.214
83.311
84.274
80.932
93.765
96.992
96.804
96.970
97.756
96.112
94.490
96.078
97.824
99.417
97.830
98.859
97.813
96.970
97.262
92.593
93.494
93.506
97.838
98.020
94.886
98.710
98.804
94.068
93.109
97.697
94.896
93.636
96.232
94.410
97.065
98.876
93.878
98.895
98.699
94.150
93.191
91.451
90.033
88.073
87.826
97.101
94.017
87.915
99.174
91.958
98.788
91.795
81.191
84.018
95.798
96.233
90.575
95.779
98.920
97.257
98.529
99.267
94.103
97.368
96.951
93.987
94.074
97.677
99.250
97.815
97.970
93.258
99.517
95.756
97.927
96.172
85.957
96.569
99.095
95.455
99.029
97.834
87.288
90.232
90.232
85.827
96.112
95.968
97.778
97.509
96.552
94.373
93.740
97.941
97.260
97.297
99.559
98.174
98.742
95.382
95.091
95.575
96.014
96.530
96.089
98.566
98.627
95.992
95.559
95.808
94.713
95.181
95.567
95.309
95.046
97.104
97.432
88.710
96.879
98.649
96.181
94.808
96.457
96.739
93.731
96.583
96.739
92.678
96.161
97.857
98.485
95.023
97.672
95.932
97.608
94.313
97.208
97.391
88.554
96.154
97.163
95.050
97.664
95.714
96.599
91.342
98.261
96.166
96.304
98.200
98.086
95.856
96.807
98.433
99.187
97.158
97.169
97.815
83.633
93.846
94.513
98.148
98.235
97.166
96.548
97.642
96.850
96.899
98.741
99.237
96.454
98.031
97.064
96.485
98.630
98.182
95.118
95.789
95.874
99.134
95.803
95.948
96.850
97.895
96.749
80.928
95.122
91.737
90.909
96.703
97.744
98.227
90.210
97.114
97.843
97.979
97.541
92.121
97.872
97.619
98.174
97.959
94.309
97.505
98.364
97.531
95.455
96.114
97.927
96.914
89.264
96.708
90.860
89.873
93.204
96.451
94.222
95.807
96.805
96.429
96.594
97.113
95.489
96.994
91.870
97.297
95.049
95.858
97.734
97.576
93.750
97.822
96.957
98.830
98.923
83.575
95.171
85.895
98.291
94.496
96.154
99.242
96.168
97.432
96.846
95.280
98.446
96.115
95.826
95.714
94.032
97.512
91.353
95.930
98.288
90.909
96.115
97.452
97.450
98.328
96.766
96.269
95.199
95.357
96.923
89.754
97.872
98.951
81.784
97.917
95.858
96.324
98.374
93.367
95.932
98.750
97.872
97.589
92.800
97.740
78.947
93.191
90.823
87.216
97.674
90.820
83.841
94.030
95.148
96.142
97.468
99.471
98.429
95.545
85.870
92.780
96.809
95.545
88.552
98.974
97.747
89.697
96.680
97.826
87.671
93.023
92.913
90.741
99.077
98.618
96.113
96.667
98.795
98.123
96.552
95.468
88.591
88.117
97.967
91.480
96.732
98.898
97.890
96.822
94.651
94.687
96.466
95.874
96.370
97.938
92.883
98.507
93.995
96.639
97.059
97.170
98.551
99.219
94.262
95.567
97.181
94.518
98.113
98.382
94.444
97.475
96.011
96.831
98.742
96.818
86.986
99.074
99.242
95.525
97.333
97.143
97.880
97.279
97.984
98.701
98.299
97.468
94.714
96.780
93.750
96.026
85.827
97.426
97.426
96.310
95.000
95.101
95.086
95.977
98.246
99.338
97.442
93.519
95.439
96.996
97.895
93.651
95.078
95.185
93.709
90.214
95.610
95.536
95.455
94.910
94.410
95.591
97.406
95.430
94.350
98.496
98.901
92.857
97.934
96.875
96.214
95.175
97.990
98.649
97.345
97.872
98.361
92.609
89.855
96.581
95.515
96.372
93.919
98.049
96.512
96.748
95.522
95.868
79.422
92.035
97.115
96.290
96.087
97.644
96.992
86.765
98.498
97.183
97.938
94.771
96.226
87.383
93.348
97.065
97.315
96.154
97.273
97.320
96.561
96.561
97.890
97.541
96.094
96.753
93.590
96.863
94.503
90.831
97.015
97.143
96.088
95.733
90.625
92.827
90.909
98.025
95.197
93.939
89.286
95.641
96.543
95.333
92.308
97.701
99.065
96.970
97.849
96.529
94.737
98.099
96.237
93.855
95.755
97.037
98.182
97.619
92.923
96.429
97.619
87.726
96.429
96.097
85.333
95.109
94.495
97.368
95.318
88.701
95.722
97.699
93.421
94.198
95.960
97.674
95.413
94.788
96.552
96.552
95.852
95.341
97.788
98.824
94.497
98.128
95.263
95.322
95.767
95.543
96.644
97.009
97.383
95.279
89.091
91.045
89.922
97.727
97.436
96.867
95.583
96.606
97.131
95.565
97.351
93.970
98.691
93.750
97.642
92.326
97.507
94.975
96.164
94.949
98.511
95.055
95.263
89.216
94.416
95.127
98.554
94.125
96.154
81.562
95.643
94.103
93.969
97.235
97.281
94.540
92.254
95.890
96.812
95.470
98.305
97.642
93.454
97.561
96.507
96.429
98.131
94.815
95.455
94.561
92.975
96.327
96.741
95.890
97.037
96.613
95.767
92.347
95.573
97.210
96.804
97.561
96.708
97.917
97.297
97.080
98.230
96.947
95.276
97.037
97.292
95.818
93.190
86.381
94.595
94.805
96.218
97.917
95.597
95.093
97.561
97.682
95.964
97.544
96.226
95.981
94.857
96.897
98.276
96.703
90.213
96.078
95.045
97.994
97.500
93.631
96.830
95.897
96.805
97.778
93.827
82.787
97.340
96.396
93.651
95.946
97.348
94.148
97.454
95.166
98.000
92.045
91.991
93.718
80.000
94.255
95.327
96.127
98.876
97.073
95.411
98.031
96.886
93.261
98.462
96.212
98.413
97.671
95.928
95.833
98.165
96.364
96.296
96.471
95.789
96.545
97.451
92.800
95.294
96.721
97.826
97.046
82.927
97.934
97.024
97.376
96.346
96.901
96.667
85.957
98.238
95.055
94.769
98.182
93.212
93.590
98.056
91.915
93.993
97.959
96.181
97.235
98.571
98.571
94.949
96.491
94.643
95.624
77.596
89.258
95.402
98.077
96.552
89.114
96.000
96.242
98.684
98.084
97.987
93.023
93.902
98.795
96.061
95.440
91.775
94.245
98.198
98.198
98.140
89.744
95.270
95.358
92.453
95.890
95.361
98.230
96.229
95.854
90.250
95.122
94.505
97.674
93.243
93.578
98.312
93.905
98.660
93.970
95.295
97.177
96.642
96.114
94.872
96.552
93.720
86.100
97.292
92.857
98.005
96.622
96.507
98.276
97.949
94.617
97.381
95.977
92.177
96.124
97.163
97.980
98.844
97.227
93.434
92.697
95.692
85.088
97.015
95.495
86.879
97.551
95.385
97.222
96.875
93.407
97.872
97.838
97.462
90.939
90.132
98.587
96.313
95.842
97.661
96.618
97.183
94.960
97.018
98.507
91.262
95.402
97.312
96.011
96.289
97.619
97.619
95.578
92.587
95.161
97.849
95.541
96.247
97.426
91.987
92.031
96.491
96.085
93.694
96.694
92.656
92.199
97.436
88.509
94.186
94.964
95.758
95.373
96.575
97.143
93.125
92.432
88.283
97.122
95.952
94.643
94.444
97.738
98.726
97.619
98.333
95.219
95.950
98.232
95.726
94.697
96.000
94.456
96.524
96.053
94.269
92.701
96.206
95.758
97.235
96.460
98.333
94.271
97.419
96.067
98.214
96.639
97.917
96.448
96.370
84.817
94.366
96.996
98.113
95.204
90.556
97.826
97.674
97.893
94.190
97.778
92.251
95.256
90.859
97.531
95.868
96.516
92.105
97.143
96.403
94.416
95.714
80.000
88.986
92.308
96.364
97.727
97.333
93.878
95.126
98.315
97.037
96.067
97.537
96.020
96.785
98.361
96.335
96.335
95.855
95.455
85.417
95.830
98.895
96.226
96.135
94.286
96.035
95.833
92.760
97.143
96.296
96.833
96.429
96.398
97.208
95.789
97.647
99.010
93.663
97.333
92.780
96.107
90.109
96.246
94.714
96.718
94.282
89.972
88.235
90.000
98.561
95.380
97.683
97.910
95.833
80.439
98.519
90.728
95.890
96.421
95.652
91.473
97.126
95.907
95.897
98.276
90.526
96.112
95.968
95.699
96.129
96.839
94.074
98.126
90.896
98.122
94.068
96.566
96.531
97.664
95.475
93.913
98.947
85.492
97.425
90.672
92.484
96.603
96.813
97.549
95.652
97.455
98.404
97.196
93.510
98.095
85.880
95.733
98.718
95.749
94.589
95.806
96.646
98.077
84.430
85.548
92.893
98.907
97.260
96.429
90.083
94.398
89.712
95.902
97.536
96.296
95.935
98.261
93.846
91.694
95.854
97.368
95.785
90.000
95.848
97.297
95.706
95.614
97.569
94.872
95.851
95.965
96.078
95.879
94.963
93.077
99.074
92.632
96.093
92.437
84.194
97.260
93.638
95.482
93.241
93.717
92.661
98.256
93.968
96.629
94.248
90.604
95.775
95.622
89.048
97.107
93.750
95.402
97.842
95.946
99.057
95.146
96.353
93.607
94.697
85.833
97.116
94.694
97.475
93.827
91.753
93.484
97.426
95.767
97.396
99.310
96.636
94.855
98.571
98.039
95.098
94.649
98.630
96.183
98.565
93.220
73.482
97.794
94.350
94.118
97.619
96.114
93.902
93.141
97.647
97.119
96.698
95.628
95.850
